0.11	0.1	2.0	0.0	0.55	2.0	0.0	1477010443000000.0
0.21000000000000002	0.1	2.0	0.027500000000000004	0.55	1.9992437976583037	0.0549930679704559	1477010443050000.0
0.30996218988291524	0.1027496533985228	2.0	0.05500000000000001	0.55	1.996975762475197	0.10994455005413548	1477010443100000.0
0.4098109780066751	0.10824688090122957	2.0	0.08250000000000002	0.55	1.9931976095441954	0.1648128918116074	1477010443150000.0
0.5094708584838848	0.11648752549180993	2.0	0.11000000000000001	0.55	1.9879121959133936	0.21955660167434965	1477010443200000.0
0.6088664682795546	0.1274653555755274	2.0	0.1375	0.55	1.9811235184249558	0.27413428232077086	1477010443250000.0
0.7079226442008024	0.14117206969156595	2.0	0.165	0.55	1.9728367106926954	0.32850466198096195	1477010443300000.0
0.8065644797354372	0.15759730279061404	2.0	0.1925	0.55	1.963058039220025	0.3826266256465049	1477010443350000.0
0.9047173816964384	0.1767286340729393	2.0	0.22	0.55	1.951794898661211	0.43645924616173865	1477010443400000.0
1.002307126629499	0.1985515963810262	2.0	0.2475	0.55	1.9390558062295187	0.48996181517296994	1477010443450000.0
1.099259916940975	0.2230496871396747	2.0	0.275	0.55	1.924850395256476	0.5430938739122257	1477010443500000.0
1.1955024367037987	0.250204380835286	2.0	0.30250000000000005	0.55	1.9091894079071254	0.5958152437922682	1477010443550000.0
1.290961907099155	0.2799951430248994	2.0	0.33000000000000007	0.55	1.8920846870567738	0.6480860567897369	1477010443600000.0
1.3855661414519935	0.3123994458643863	2.0	0.3575000000000001	0.55	1.8735491673353826	0.6998667855934403	1477010443650000.0
1.4792435998187627	0.3473927851440583	2.0	0.3850000000000001	0.55	1.8535968653463692	0.7511182734950027	1477010443700000.0
1.5719234430860811	0.38494869881880844	2.0	0.41250000000000014	0.55	1.8322428690672203	0.8018017639992573	1477010443750000.0
1.6635355865394421	0.4250387870187713	2.0	0.44000000000000017	0.55	1.8095033264399267	0.8518789301319996	1477010443800000.0
1.7540107528614384	0.46763273352537127	2.0	0.4675000000000002	0.55	1.785395433159872	0.9013119034229343	1477010443850000.0
1.843280524519432	0.512698328696518	2.0	0.4950000000000002	0.55	1.7599374196724082	0.950063302541902	1477010443900000.0
1.9312773955030522	0.5602014938236131	2.0	0.5225000000000002	0.55	1.7331485373869495	0.9980962615667278	1477010443950000.0
2.0179348223724	0.6101063069019494	2.0	0.5500000000000002	0.55	1.7050490441190114	1.0453744578613187	1477010444000000.0
2.1031872745783504	0.6623750297950154	2.0	0.5775000000000001	0.55	1.6756601887712035	1.0918621395429253	1477010444050000.0
2.1869702840169105	0.7169681367721616	2.0	0.6050000000000001	0.55	1.6450041952647598	1.1375241525178001	1477010444100000.0
2.2692204937801486	0.7738443443980516	2.0	0.6325000000000001	0.55	1.613104245733757	1.1823259670648052	1477010444150000.0
2.3498757060668365	0.8329606427512919	2.0	0.66	0.55	1.5799844629947302	1.2262337039468676	1477010444200000.0
2.428874929216573	0.8942723279486353	2.0	0.6875	0.55	1.545669892304943	1.2692141600305387	1477010444250000.0
2.50615842383182	0.9577330359501622	2.0	0.715	0.55	1.5101864824231057	1.3112348333942805	1477010444300000.0
2.5816677479529755	1.0232947776198762	2.0	0.7424999999999999	0.55	1.473561065986862	1.352263947906496	1477010444350000.0
2.655345801252319	1.090907975015201	2.0	0.7699999999999999	0.55	1.4358213392218868	1.3922704772547134	1477010444400000.0
2.727136868213413	1.1605214988779369	2.0	0.7974999999999999	0.55	1.3969958409979346	1.4312241684077562	1477010444450000.0
2.7969866602633098	1.2320827072983247	2.0	0.8249999999999998	0.55	1.35711393124768	1.469095564493157	1477010444500000.0
2.8648423568256938	1.3055374855229824	2.0	0.8524999999999998	0.55	1.3162057687646673	1.5058560270725123	1477010444550000.0
2.930652645263927	1.380830286876608	2.0	0.8799999999999998	0.55	1.2743022883971606	1.5414777577979384	1477010444600000.0
2.994367759683785	1.457904174766505	2.0	0.9074999999999998	0.55	1.2314351776551395	1.5759338194332448	1477010444650000.0
3.055939518566542	1.536700865738167	2.0	0.9349999999999997	0.55	1.1876368527481282	1.6091981562239377	1477010444700000.0
3.1153213612039483	1.617160773549364	2.0	0.9624999999999997	0.55	1.1429404340719842	1.6412456136006408	1477010444750000.0
3.1724683829075477	1.699223054229396	2.0	0.9899999999999997	0.55	1.0973797211631757	1.6720519572010406	1477010444800000.0
3.2273373689657063	1.782825652089448	2.0	1.0174999999999996	0.55	1.0509891671394938	1.7015938911959674	1477010444850000.0
3.279886827322681	1.8679053466492466	2.0	1.0449999999999997	0.55	1.0038038526465234	1.7298490759057557	1477010444900000.0
3.330077019955007	1.9543978004445344	2.0	1.0724999999999998	0.55	0.9558594593295779	1.7567961446935632	1477010444950000.0
3.377869992921486	2.0422376076792124	2.0	1.0999999999999999	0.55	0.907192242851155	1.7824147201228706	1477010445000000.0
3.423229605064044	2.131358343685356	2.0	1.1275	0.55	0.8578390054743195	1.8066854293669472	1477010445050000.0
3.46612155533776	2.221692615153703	2.0	1.155	0.55	0.8078370682327459	1.8295899188586282	1477010445100000.0
3.5065134087493974	2.3131721110966343	2.0	1.1825	0.55	0.7572242427084658	1.8511108681693247	1477010445150000.0
3.544374620884821	2.4057276545051005	2.0	1.2100000000000002	0.55	0.7060388024386604	1.871232003106772	1477010445200000.0
3.579676561006754	2.499289254660439	2.0	1.2375000000000003	0.55	0.6543194539731224	1.889938108021613	1477010445250000.0
3.6123925337054104	2.5937861600615197	2.0	1.2650000000000003	0.55	0.6021053076042726	1.9072150373135075	1477010445300000.0
3.642497799085624	2.689146911927195	2.0	1.2925000000000004	0.55	0.5494358477918648	1.9230497261280672	1477010445350000.0
3.6699695914752173	2.7852993982335983	2.0	1.3200000000000005	0.55	0.49635090330474496	1.9374302002365307	1477010445400000.0
3.6947871366404543	2.882170908245425	2.0	1.3475000000000006	0.55	0.442890617102243	1.9503455850907023	1477010445450000.0
3.7169316674955666	2.97968818749996	2.0	1.3750000000000007	0.55	0.38909541597797304	1.9617861140463118	1477010445500000.0
3.736386438294465	3.0777774932022757	2.0	1.4025000000000007	0.55	0.33500597998899734	1.971743135748572	1477010445550000.0
3.753136737293915	3.1763646499897042	2.0	1.4300000000000008	0.55	0.2806632116934717	1.9802091206743557	1477010445600000.0
3.7671698978785884	3.275375106023422	2.0	1.457500000000001	0.55	0.22610820522003547	1.9871776668260375	1477010445650000.0
3.77847530813959	3.374733989364724	2.0	1.485000000000001	0.55	0.17138221519233512	1.9926435045726991	1477010445700000.0
3.7870444188992067	3.474366164593359	2.0	1.512500000000001	0.55	0.11652662553218128	1.996602500635037	1477010445750000.0
3.792870750175816	3.5741962896251107	2.0	1.5400000000000011	0.55	0.06158291816493002	1.9990516612109581	1477010445800000.0
3.7959498960840623	3.6741488726856586	2.0	1.5675000000000012	0.55	0.006592641650753969	1.9999891342395	1477010445850000.0
3.7962795281666	3.7741483293976335	2.0	1.5950000000000013	0.55	-0.04840262023447635	1.999414210801363	1477010445900000.0
3.793859397154876	3.8741190399377015	2.0	1.6225000000000014	0.55	-0.10336127994494113	1.9973273256549973	1477010445950000.0
3.788691333157629	3.9739854062204514	2.0	1.6500000000000015	0.55	-0.15824177761347083	1.9937300569078376	1477010446000000.0
3.7807792442769554	4.073671909065843	2.0	1.6775000000000015	0.55	-0.21300261247921504	1.9886251248229339	1477010446050000.0
3.770129113652995	4.17310316530699	2.0	1.7050000000000016	0.55	-0.26760237427061506	1.9820163897618832	1477010446100000.0
3.756748994939464	4.272203984795084	2.0	1.7325000000000017	0.55	-0.3219997745199482	1.9739088492656145	1477010446150000.0
3.7406490062134665	4.370899427258364	2.0	1.7600000000000018	0.55	-0.3761536777857637	1.9643086342752363	1477010446200000.0
3.7218413223241784	4.469114858972127	2.0	1.7875000000000019	0.55	-0.43002313275959997	1.953223004495805	1477010446250000.0
3.7003401656861983	4.566776009196917	2.0	1.815000000000002	0.55	-0.4835674032334599	1.9406603429065192	1477010446300000.0
3.6761617955245254	4.663809026342243	2.0	1.842500000000002	0.55	-0.5367459989046267	1.9266301494214904	1477010446350000.0
3.649324495579294	4.760140533813317	2.0	1.870000000000002	0.55	-0.5895187059945258	1.9111430337058866	1477010446400000.0
3.619848560279568	4.855697685498611	2.0	1.8975000000000022	0.55	-0.6418456176584781	1.8942107071528782	1477010446450000.0
3.5877562793966438	4.9504082208562545	2.0	1.9250000000000023	0.55	-0.6936871641633496	1.8758459740274547	1477010446500000.0
3.5530719211884763	5.044200519557627	2.0	1.9525000000000023	0.55	-0.7450041428102763	1.8560627217838102	1477010446550000.0
3.5158217140479624	5.137003655646818	2.0	1.9800000000000024	0.55	-0.7957577475798364	1.8348759105636177	1477010446600000.0
3.4760338266689708	5.228747451174999	2.0	2.0075000000000025	0.55	-0.8459095984772538	1.8123015618831353	1477010446650000.0
3.433738346745108	5.3193625292691555	2.0	2.0350000000000024	0.55	-0.8954217705554389	1.788356746517697	1477010446700000.0
3.388967258217336	5.408780366595041	2.0	2.062500000000002	0.55	-0.9442568225939243	1.7630595715927542	1477010446750000.0
3.34175441708764	5.4969333451746785	2.0	2.090000000000002	0.55	-0.9923778254120016	1.736429166891223	1477010446800000.0
3.2921355258170397	5.5837548035192395	2.0	2.117500000000002	0.55	-1.039748389794655	1.708485670387499	1477010446850000.0
3.240148106327307	5.669179087038614	2.0	2.145000000000002	0.55	-1.0863326940101707	1.6792502130190738	1477010446900000.0
3.1858314716267984	5.753141597689568	2.0	2.1725000000000017	0.55	-1.132095510898615	1.6487449027072696	1477010446950000.0
3.1292266960818678	5.8355788428249316	2.0	2.2000000000000015	0.55	-1.1770022345106939	1.6169928076391786	1477010447000000.0
3.070376584356333	5.91642848320689	2.0	2.2275000000000014	0.55	-1.2210189062768542	1.584017938823445	1477010447050000.0
3.0093256390424905	5.9956293801480625	2.0	2.2550000000000012	0.55	-1.2641122406868326	1.5498452319330842	1477010447100000.0
2.9461200270081487	6.0731216417447165	2.0	2.282500000000001	0.55	-1.3062496504602368	1.514500528449069	1477010447150000.0
2.880807544485137	6.14884666816717	2.0	2.310000000000001	0.55	-1.3473992711891232	1.4780105561189405	1477010447200000.0
2.813437580925681	6.222747195973117	2.0	2.337500000000001	0.55	-1.3875299854339365	1.4404029087452233	1477010447250000.0
2.744061081653984	6.294767341410378	2.0	2.3650000000000007	0.55	-1.4266114462545911	1.4017060253189269	1477010447300000.0
2.672730509341254	6.364852642676325	2.0	2.3925000000000005	0.55	-1.4646141001588975	1.3619491685139145	1477010447350000.0
2.599499804333309	6.43295010110202	2.0	2.4200000000000004	0.55	-1.5015092094509823	1.3211624025584008	1477010447400000.0
2.52442434386076	6.49900822122994	2.0	2.4475000000000002	0.55	-1.537268873962802	1.2793765705003115	1477010447450000.0
2.44756090016262	6.562977049754956	2.0	2.475	0.55	-1.5718660521523145	1.2366232708836986	1477010447500000.0
2.3689675975550046	6.624808213299141	2.0	2.5025	0.55	-1.6052745815523564	1.1929348338538477	1477010447550000.0
2.288703868477387	6.684454954991833	2.0	2.53	0.55	-1.6374691985547631	1.1483442967091453	1477010447600000.0
2.206830408549649	6.74187216982729	2.0	2.5574999999999997	0.55	-1.6684255575147675	1.102885378918198	1477010447650000.0
2.1234091306739105	6.7970164387732	2.0	2.5849999999999995	0.55	-1.6981202491612333	1.0565924566210905	1477010447700000.0
2.0385031182158486	6.8498460616042545	2.0	2.6124999999999994	0.55	-1.7265308182988017	1.0095005366340672	1477010447750000.0
1.9521765773009085	6.900321088435958	2.0	2.6399999999999992	0.55	-1.753635780788562	0.9616452299772981	1477010447800000.0
1.8644947882614804	6.948403349934823	2.0	2.667499999999999	0.55	-1.7794146397944077	0.9130627249457389	1477010447850000.0
1.77552405627176	6.99405648618211	2.0	2.694999999999999	0.55	-1.8038479012827924	0.8637897597434604	1477010447900000.0
1.6853316612076203	7.037245974169283	2.0	2.722499999999999	0.55	-1.8269170887641635	0.8138635947021307	1477010447950000.0
1.5939858067694122	7.07793915390439	2.0	2.7499999999999987	0.55	-1.848604757264926	0.7633219841046659	1477010448000000.0
1.501555568906166	7.116105253109624	2.0	2.7774999999999985	0.55	-1.8688945065193743	0.712203147635353	1477010448050000.0
1.4081108435801972	7.151715410491391	2.0	2.8049999999999984	0.55	-1.8877709933716094	0.6605457414780348	1477010448100000.0
1.3137222939116167	7.1847426975652935	2.0	2.8324999999999982	0.55	-1.9052199433780708	0.6083888290842135	1477010448150000.0
1.218461296742713	7.215162139019504	2.0	2.859999999999998	0.55	-1.9212281616019036	0.555771851633177	1477010448200000.0
1.1223998886626179	7.242950731601162	2.0	2.887499999999998	0.55	-1.9357835425910002	0.5027345982064866	1477010448250000.0
1.025610711533068	7.268087461511486	2.0	2.914999999999998	0.55	-1.9488750795321725	0.44931717569938073	1477010448300000.0
0.9281669575564593	7.290553320296455	2.0	2.9424999999999977	0.55	-1.9604928725745294	0.39555997849184676	1477010448350000.0
0.8301423139277329	7.3103313192210475	2.0	2.9699999999999975	0.55	-1.9706281363157667	0.3415036579022959	1477010448400000.0
0.7316109071119445	7.327406502116163	2.0	2.9974999999999974	0.55	-1.9792732064457095	0.28718909144694155	1477010448450000.0
0.6326472467896591	7.341765956688509	2.0	3.0249999999999972	0.55	-1.9864215455420817	0.2326573519281254	1477010448500000.0
0.5333261695125551	7.353398824284915	2.0	3.052499999999997	0.55	-1.9920677480141191	0.17794967637496836	1477010448550000.0
0.4337227821118491	7.362296308103664	2.0	3.079999999999997	0.55	-1.996207544190291	0.1231074348598325	1477010448600000.0
0.33391240490233454	7.368451679846656	2.0	3.107499999999997	0.55	-1.9988378035470344	0.06817209921417543	1477010448650000.0
0.23397051472498281	7.371860284807364	2.0	3.1349999999999967	0.55	-1.9999565370760646	0.013185211667454243	1477010448700000.0
0.13397268787117958	7.372519545390737	2.0	3.1624999999999965	0.55	-1.9995628987884675	-0.041811646567205624	1477010448750000.0
0.0339945429317562	7.370428963062376	2.0	3.1899999999999964	0.55	-1.9976571863544377	-0.0967768867368212	1477010448800000.0
-0.06588831638596569	7.365590118725535	2.0	3.2174999999999963	0.55	-1.9942408408781804	-0.15166894399806433	1477010448850000.0
-0.16560035842987472	7.358006671525632	2.0	3.244999999999996	0.55	-1.989316445808145	-0.20644630884869353	1477010448900000.0
-0.265066180720282	7.347684356083198	2.0	3.272499999999996	0.55	-1.9828877249834145	-0.2610675585171368	1477010448950000.0
-0.3642105669694527	7.334630978157341	2.0	3.299999999999996	0.55	-1.974959539817731	-0.31549138828648854	1477010449000000.0
-0.46295854396033925	7.318856408743017	2.0	3.3274999999999957	0.55	-1.9655378856232824	-0.369676642729233	1477010449050000.0
-0.5612354382415033	7.300372576606555	2.0	3.3549999999999955	0.55	-1.9546298870770324	-0.4235823468290753	1477010449100000.0
-0.658966932595355	7.279193459265101	2.0	3.3824999999999954	0.55	-1.9422437928330258	-0.47716773696634424	1477010449150000.0
-0.7560791222370062	7.255335072416783	2.0	3.4099999999999953	0.55	-1.9283889692847338	-0.5303922917435374	1477010449200000.0
-0.8524985707012429	7.228815457829606	2.0	3.437499999999995	0.55	-1.9130758934821677	-0.5832157626276965	1477010449250000.0
-0.9481523653753513	7.199654669698221	2.0	3.464999999999995	0.55	-1.896316145209108	-0.6355982043864423	1477010449300000.0
-1.0429681726358067	7.167874759478899	2.0	3.492499999999995	0.55	-1.8781223982264446	-0.6875000052946533	1477010449350000.0
-1.136874292547129	7.133499759214166	2.0	3.5199999999999947	0.55	-1.8585084106882503	-0.7388819170889442	1477010449400000.0
-1.2297997130815415	7.096555663359719	2.0	3.5474999999999945	0.55	-1.8374890147378318	-0.7897050846472956	1477010449450000.0
-1.321674163818433	7.057070409127354	2.0	3.5749999999999944	0.55	-1.8150801052916272	-0.8399310753713873	1477010449500000.0
-1.4124281690830145	7.015073855358784	2.0	3.6024999999999943	0.55	-1.7912986280194352	-0.8895219082494198	1477010449550000.0
-1.5019931004839862	6.970597759946313	2.0	3.629999999999994	0.55	-1.7661625665300575	-0.938440082577444	1477010449600000.0
-1.590301228810489	6.923675755817441	2.0	3.657499999999994	0.55	-1.739690928772054	-0.9866486063174816	1477010449650000.0
-1.6772857752490917	6.874343325501567	2.0	3.684999999999994	0.55	-1.711903732659885	-1.0341110240709905	1477010449700000.0
-1.762880961882086	6.822637774298017	2.0	3.7124999999999937	0.55	-1.6828219909363205	-1.0807914446465234	1477010449750000.0
-1.847022061428902	6.768598202065691	2.0	3.7399999999999936	0.55	-1.6524676952825519	-1.1266545682007292	1477010449800000.0
-1.9296454461930295	6.712265473655655	2.0	3.7674999999999934	0.55	-1.6208637996880333	-1.1716657129321788	1477010449850000.0
-2.010688636177431	6.6536821880090455	2.0	3.7949999999999933	0.55	-1.5880342030926202	-1.215790841307824	1477010449900000.0
-2.090090346332062	6.592892645943654	2.0	3.822499999999993	0.55	-1.5540037313141348	-1.2589965858022596	1477010449950000.0
-2.1677905328977687	6.529942816653541	2.0	3.849999999999993	0.55	-1.518798118275025	-1.301250274130324	1477010450000000.0
-2.24373043881152	6.464880302947025	2.0	3.877499999999993	0.55	-1.4824439865423118	-1.342519953953958	1477010450050000.0
-2.3178526381386355	6.397754305249327	2.0	3.9049999999999927	0.55	-1.444968827195542	-1.3827744170446385	1477010450100000.0
-2.3901010794984128	6.328615584397095	2.0	3.9324999999999926	0.55	-1.406400979037969	-1.4219832228831122	1477010450150000.0
-2.460421128450311	6.257516423252939	2.0	3.9599999999999924	0.55	-1.3667696071666835	-1.4601167216785889	1477010450200000.0
-2.5287596088086453	6.18451058716901	2.0	3.9874999999999923	0.55	-1.3261046809178996	-1.4971460767899825	1477010450250000.0
-2.59506484285454	6.109653283329511	2.0	4.014999999999993	0.55	-1.2844369512040703	-1.5330432865322468	1477010450300000.0
-2.659286690414744	6.033001119002899	2.0	4.042499999999992	0.55	-1.2417979272599804	-1.5677812053513132	1477010450350000.0
-2.721376586777743	5.954612058735333	2.0	4.069999999999992	0.55	-1.198219852815383	-1.6013335643516258	1477010450400000.0
-2.781287579418512	5.874545380517752	2.0	4.097499999999992	0.55	-1.1537356817122195	-1.6336749911607389	1477010450450000.0
-2.838974363504123	5.792861630959715	2.0	4.124999999999992	0.55	-1.1083790529848467	-1.6647810291159657	1477010450500000.0
-2.8943933161533653	5.709622579503916	2.0	4.152499999999992	0.55	-1.06218426542212	-1.6946281557585638	1477010450550000.0
-2.9475025294244714	5.624891171715988	2.0	4.179999999999992	0.55	-1.0151862516305683	-1.7231938006214729	1477010450600000.0
-2.998261842006	5.5387314816849145	2.0	4.207499999999992	0.55	-0.9674205516182757	-1.7504563622971556	1477010450650000.0
-3.046632869586914	5.451208663570057	2.0	4.234999999999991	0.55	-0.9189232859194444	-1.7763952247726325	1477010450700000.0
-3.092579033882886	5.362388902331426	2.0	4.262499999999991	0.55	-0.8697311282799616	-1.8009907730193582	1477010450750000.0
-3.136065590296884	5.272339363680458	2.0	4.289999999999991	0.55	-0.8198812779246274	-1.8242244078261534	1477010450800000.0
-3.1770596541931155	5.1811281432891505	2.0	4.317499999999991	0.55	-0.7694114314270137	-1.846078559863971	1477010450850000.0
-3.215530225764466	5.0888242152959515	2.0	4.344999999999991	0.55	-0.7183597542032272	-1.8665367029718647	1477010450900000.0
-3.251448213474627	4.995497380147358	2.0	4.372499999999991	0.55	-0.6667648516511319	-1.885583366654109	1477010450950000.0
-3.284786456057184	4.901218211814653	2.0	4.399999999999991	0.55	-0.6146657399568572	-1.903204147779026	1477010451000000.0
-3.315519743055027	4.806058004425702	2.0	4.42749999999999	0.55	-0.5621018165906668	-1.9193857214706669	1477010451050000.0
-3.34362483388456	4.710088718352169	2.0	4.45499999999999	0.55	-0.509112830514499	-1.9341158511851133	1477010451100000.0
-3.369080475410285	4.613382925792913	2.0	4.48249999999999	0.55	-0.45573885212370835	-1.9473833979637818	1477010451150000.0
-3.3918674180164707	4.516013755894724	2.0	4.50999999999999	0.55	-0.40202024294573985	-1.9591783288567297	1477010451200000.0
-3.411968430163758	4.418054839451887	2.0	4.53749999999999	0.55	-0.34799762511864657	-1.969491724509596	1477010451250000.0
-3.4293683114196902	4.319580253226407	2.0	4.56499999999999	0.55	-0.29371185067253386	-1.9783157859084366	1477010451300000.0
-3.444053903953317	4.220664463930985	2.0	4.59249999999999	0.55	-0.23920397063715862	-1.9856438402773589	1477010451350000.0
-3.4560141024851747	4.121382271917118	2.0	4.6199999999999894	0.55	-0.18451520399904453	-1.9914703461244887	1477010451400000.0
-3.465239862685127	4.021808754610893	2.0	4.647499999999989	0.55	-0.12968690653158785	-1.9957908974324607	1477010451450000.0
-3.471724208011706	3.92201920973927	2.0	4.674999999999989	0.55	-0.07476053952172464	-1.9986022269902586	1477010451500000.0
-3.475462234987792	3.8220890983897573	2.0	4.702499999999989	0.55	-0.019777638416808616	-1.999902208863887	1477010451550000.0
-3.4764511169086325	3.722093987946563	2.0	4.729999999999989	0.55	0.035220218584591415	-1.9996898600040092	1477010451600000.0
-3.474690105979403	3.6221094949463626	2.0	4.757499999999989	0.55	0.09019144197422271	-1.99796534098933	1477010451650000.0
-3.4701805338806917	3.522211227896896	2.0	4.784999999999989	0.55	0.14509446238423215	-1.9947299559051672	1477010451700000.0
-3.46292581076148	3.4224747301016376	2.0	4.8124999999999885	0.55	0.1998877620220195	-1.9899861513572974	1477010451750000.0
-3.452931422660379	3.322975422533773	2.0	4.839999999999988	0.55	0.2545299060660894	-1.9837375146218281	1477010451800000.0
-3.4402049273570747	3.2237885468026812	2.0	4.867499999999988	0.55	0.3089795739991604	-1.9759887709324913	1477010451850000.0
-3.4247559486571166	3.124989108256057	2.0	4.894999999999988	0.55	0.3631955908548369	-1.96674577990741	1477010451900000.0
-3.406596169114375	3.026651819260686	2.0	4.922499999999988	0.55	0.41713695835421527	-1.9560155311180414	1477010451950000.0
-3.385739321196664	2.928851042704784	2.0	4.949999999999988	0.55	0.47076288590887816	-1.9438061388036474	1477010452000000.0
-3.36220117690122	2.8316607357646015	2.0	4.977499999999988	0.55	0.5240328214668332	-1.9301268357352865	1477010452050000.0
-3.3359995358278787	2.735154393977837	2.0	5.0049999999999875	0.55	0.5769064821780692	-1.9149879662339722	1477010452100000.0
-3.3071542117189754	2.6394049956661383	2.0	5.032499999999987	0.55	0.6293438848565425	-1.8984009783482716	1477010452150000.0
-3.275687017476148	2.5444849467487245	2.0	5.059999999999987	0.55	0.6813053762155551	-1.8803784151972658	1477010452200000.0
-3.2416217486653705	2.4504660259888613	2.0	5.087499999999987	0.55	0.7327516628536633	-1.8609339054854128	1477010452250000.0
-3.204984165522687	2.3574193307145905	2.0	5.114999999999987	0.55	0.7836438409684399	-1.84008215319649	1477010452300000.0
-3.1658019734742653	2.265415223054766	2.0	5.142499999999987	0.55	0.8339434257756202	-1.8178389264744064	1477010452350000.0
-3.1241048021854843	2.174523276731046	2.0	5.169999999999987	0.55	0.8836123806113869	-1.7942210456992966	1477010452400000.0
-3.079924183154915	2.084812224446081	2.0	5.1974999999999865	0.55	0.9326131456957836	-1.7692463707679085	1477010452450000.0
-3.0332935258701257	1.9963499059076857	2.0	5.224999999999986	0.55	0.9809086665355085	-1.742933787587908	1477010452500000.0
-2.9842480925433503	1.9092032165282902	2.0	5.252499999999986	0.55	1.028462421944609	-1.7153031937963121	1477010452550000.0
-2.93282497144612	1.8234380568384745	2.0	5.279999999999986	0.55	1.0752384516618887	-1.6863754837128486	1477010452600000.0
-2.8790630488630256	1.739119282652832	2.0	5.307499999999986	0.55	1.1212013835441397	-1.6561725325396226	1477010452650000.0
-2.8230029796858185	1.656310656025851	2.0	5.334999999999986	0.55	1.1663164603146416	-1.624717179819037	1477010452700000.0
-2.7646871566700866	1.575074797034899	2.0	5.362499999999986	0.55	1.210549565846695	-1.5920332121624783	1477010452750000.0
-2.704159678377752	1.495473136426775	2.0	5.3899999999999855	0.55	1.2538672509623157	-1.5581453452628242	1477010452800000.0
-2.641466315829636	1.417565869163634	2.0	5.417499999999985	0.55	1.2962367587265824	-1.5230792052043793	1477010452850000.0
-2.576654477893307	1.3414119089034149	2.0	5.444999999999985	0.55	1.3376260492185075	-1.48686130908437	1477010452900000.0
-2.509773175432382	1.2670688434491963	2.0	5.472499999999985	0.55	1.3780038237596999	-1.4495190449606539	1477010452950000.0
-2.440872984244397	1.1945928912011636	2.0	5.499999999999985	0.55	1.4173395485824987	-1.4110806511408052	1477010453000000.0
-2.370006006815272	1.1240388586441235	2.0	5.527499999999985	0.55	1.455603477919681	-1.3715751948282418	1477010453050000.0
-2.297225832919288	1.0554600989027114	2.0	5.554999999999985	0.55	1.492766676498279	-1.3310325501415365	1477010453100000.0
-2.2225874990943737	0.9889084713956346	2.0	5.5824999999999845	0.55	1.5288010414205033	-1.2894833755235406	1477010453150000.0
-2.1461474470233486	0.9244343026194576	2.0	5.609999999999984	0.55	1.5636793234152178	-1.2469590905573955	1477010453200000.0
-2.0679634808525877	0.8620863480915878	2.0	5.637499999999984	0.55	1.5973751474439035	-1.2034918522069715	1477010453250000.0
-1.9880947234803925	0.8019117554812392	2.0	5.664999999999984	0.55	1.6298630326455252	-1.1591145304996964	1477010453300000.0
-1.9066015718481162	0.7439560289562543	2.0	5.692499999999984	0.55	1.6611184116052162	-1.1138606836701632	1477010453350000.0
-1.8235456512678554	0.6882629947727462	2.0	5.719999999999984	0.55	1.6911176489322166	-1.0677645327833156	1477010453400000.0
-1.7389897688212446	0.6348747681335805	2.0	5.747499999999984	0.55	1.719838059133011	-1.020860935856397	1477010453450000.0
-1.652997865864594	0.5838317213407607	2.0	5.7749999999999835	0.55	1.7472579237661503	-0.9731853614992374	1477010453500000.0
-1.5656349696762866	0.5351724532657988	2.0	5.802499999999983	0.55	1.7733565078657907	-0.9247738620928078	1477010453550000.0
-1.476967144282997	0.48893376016115836	2.0	5.829999999999983	0.55	1.7981140756215208	-0.8756630465263242	1477010453600000.0
-1.387061440501921	0.44515060783484217	2.0	5.857499999999983	0.55	1.8215119053026292	-0.8258900525135205	1477010453650000.0
-1.2959858452367896	0.40385610520916615	2.0	5.884999999999983	0.55	1.84353230341552	-0.7754925185090226	1477010453700000.0
-1.2038092300660137	0.36508147928371504	2.0	5.912499999999983	0.55	1.8641586180835756	-0.7245085552460603	1477010453750000.0
-1.1106012991618348	0.328856051521412	2.0	5.939999999999983	0.55	1.8833752516393434	-0.672976716917042	1477010453800000.0
-1.0164325365798677	0.2952072156755599	2.0	5.9674999999999825	0.55	1.9011676724195286	-0.6209359720187839	1477010453850000.0
-0.9213741529588912	0.26416041707462073	2.0	5.994999999999982	0.55	1.9175224257538732	-0.5684256738844419	1477010453900000.0
-0.8254980316711976	0.23573913338039865	2.0	6.022499999999982	0.55	1.9324271441396077	-0.5154855309244283	1477010453950000.0
-0.7288766744642172	0.20996485683417723	2.0	6.049999999999982	0.55	1.9458705565937866	-0.46215557659881906	1477010454000000.0
-0.6315831466345279	0.1868570780042363	2.0	6.077499999999982	0.55	1.9578424971764317	-0.40847613914395786	1477010454050000.0
-0.5336910217757063	0.1664332710470384	2.0	6.104999999999982	0.55	1.9683339126780397	-0.35448781107614896	1477010454100000.0
-0.4352743261418043	0.14870888049323094	2.0	6.132499999999982	0.55	1.9773368694656404	-0.30023141849550156	1477010454150000.0
-0.3364074826685223	0.13369730956845588	2.0	6.1599999999999815	0.55	1.984844559482229	-0.24574799021313712	1477010454200000.0
-0.2371652546944108	0.12140991005779903	2.0	6.187499999999981	0.55	1.9908513053950343	-0.19107872672510634	1477010454250000.0
-0.13762268942465908	0.11185597372154371	2.0	6.214999999999981	0.55	1.995352564888731	-0.13626496905647772	1477010454300000.0
-0.03785506118022253	0.10504272526871983	2.0	6.242499999999981	0.55	1.9983449341003492	-0.08134816749915742	1477010454350000.0
0.062062185524794936	0.10097531689376196	2.0	6.269999999999981	0.55	1.9998261501932841	-0.02636985026708158	1477010454400000.0
0.16205349303445915	0.09965682438040788	2.0	6.297499999999981	0.55	1.9997950930684576	0.02862840790751641	1477010454450000.0
0.262043247687882	0.1010882447757837	2.0	6.324999999999981	0.55	1.99825178621134	0.0836050172130157	1477010454500000.0
0.361955836998449	0.10526849563643448	2.0	6.3524999999999805	0.55	1.9951973966741912	0.13851840420872097	1477010454550000.0
0.46171570683215857	0.11219441584687052	2.0	6.37999999999998	0.55	1.9906342341935308	0.19332704326279557	1477010454600000.0
0.5612474185418351	0.1218607680100103	2.0	6.40749999999998	0.55	1.984565749443513	0.24798948795404166	1477010454650000.0
0.6604757060140107	0.1342602424077124	2.0	6.43499999999998	0.55	1.9769965314265159	0.30246440241378086	1477010454700000.0
0.7593255325853365	0.14938346252840143	2.0	6.46249999999998	0.55	1.9679323040029286	0.356710592584135	1477010454750000.0
0.857722147785483	0.1672189921576082	2.0	6.48999999999998	0.55	1.957379921562755	0.4106870373690692	1477010454800000.0
0.9555911438636207	0.18775334402606164	2.0	6.51749999999998	0.55	1.9453473638423064	0.46435291965464065	1477010454850000.0
1.0528585120557359	0.21097099000879369	2.0	6.5449999999999795	0.55	1.9318437298899078	0.5176676571749959	1477010454900000.0
1.1494506985502313	0.2368543728675435	2.0	6.572499999999979	0.55	1.9168792311851754	0.5705909332007748	1477010454950000.0
1.24529466010949	0.2653839195275822	2.0	6.599999999999979	0.55	1.9004651839170719	0.6230827270267169	1477010455000000.0
1.3403179193053436	0.29653805587891807	2.0	6.627499999999979	0.55	1.8826140004265783	0.6751033442354109	1477010455050000.0
1.4344486193266726	0.3302932230906886	2.0	6.654999999999979	0.55	1.863339179820452	0.726613446714307	1477010455100000.0
1.5276155783176952	0.36662389542640395	2.0	6.682499999999979	0.55	1.8426552977631714	0.77757408240329	1477010455150000.0
1.619748343205854	0.4055025995465684	2.0	6.709999999999979	0.55	1.8205779954547834	0.8279467147503172	1477010455200000.0
1.710777242978593	0.4468999352840843	2.0	6.7374999999999785	0.55	1.7971239678029918	0.8776932518528506	1477010455250000.0
1.8006334413687426	0.4907845978767268	2.0	6.764999999999978	0.55	1.7723109507984292	0.9267760752630421	1477010455300000.0
1.889248988908664	0.5371234016398789	2.0	6.792499999999978	0.55	1.7461577081026591	0.9751580684348915	1477010455350000.0
1.9765568743137971	0.5858813050616235	2.0	6.819999999999978	0.55	1.7186840168590511	1.0228026447918666	1477010455400000.0
2.06249107515675	0.6370214373012169	2.0	6.847499999999978	0.55	1.6899106527372583	1.0696737753937569	1477010455450000.0
2.146986607793613	0.6905051260709048	2.0	6.874999999999978	0.55	1.6598593742226082	1.1157360161818435	1477010455500000.0
2.229979576504743	0.7462919268799969	2.0	6.902499999999978	0.55	1.6285529061622848	1.1609545347817787	1477010455550000.0
2.3114072218128574	0.8043396536190859	2.0	6.9299999999999775	0.55	1.5960149225807454	1.205295136843909	1477010455600000.0
2.3912079679418947	0.8646044104612813	2.0	6.957499999999977	0.55	1.562270028777368	1.2487242919011232	1477010455650000.0
2.469321469380763	0.9270406250563374	2.0	6.984999999999977	0.55	1.5273437427198677	1.2912091587246686	1477010455700000.0
2.5456886565167562	0.9916010829925709	2.0	7.012499999999977	0.55	1.4912624757475477	1.3327176101587668	1477010455750000.0
2.6202517803041334	1.058236963500509	2.0	7.039999999999977	0.55	1.4540535125989835	1.3732182574152434	1477010455800000.0
2.692954455934083	1.1268978763712714	2.0	7.067499999999977	0.55	1.4157449907792405	1.4126804738098024	1477010455850000.0
2.763741705473045	1.1975319000617615	2.0	7.094999999999977	0.55	1.3763658792822258	1.451074417921998	1477010455900000.0
2.832559999437156	1.2700856209578615	2.0	7.1224999999999765	0.55	1.3359459566842669	1.4883710561613859	1477010455950000.0
2.8993572972713695	1.3445041737659307	2.0	7.149999999999976	0.55	1.2945157886254837	1.5245421847227913	1477010456000000.0
2.9640830867026438	1.4207312830020702	2.0	7.177499999999976	0.55	1.2521067046959795	1.559560450914095	1477010456050000.0
3.026688421937443	1.498709305547775	2.0	7.204999999999976	0.55	1.2087507747443305	1.5933993738404006	1477010456100000.0
3.0871259606746593	1.5783792742397948	2.0	7.232499999999976	0.55	1.1644807846262928	1.6260333644289509	1477010456150000.0
3.145349999905974	1.6596809424612424	2.0	7.259999999999976	0.55	1.1193302114120607	1.6574377447796438	1477010456200000.0
3.201316510476577	1.7425528297002246	2.0	7.287499999999976	0.55	1.0733331980708274	1.6875887668265188	1477010456250000.0
3.254983170380118	1.8269322680415505	2.0	7.3149999999999755	0.55	1.0265245276517925	1.7164636302960994	1477010456300000.0
3.3063093967627077	1.9127554495563555	2.0	7.342499999999975	0.55	0.9789395969811389	1.7440404999490136	1477010456350000.0
3.3552563766117647	1.9999574745538062	2.0	7.369999999999975	0.55	0.930614389894869	1.7702985220918535	1477010456400000.0
3.401787096106508	2.088472400658399	2.0	7.397499999999975	0.55	0.8815854500277445	1.7952178403467862	1477010456450000.0
3.4458663686078954	2.178233292675738	2.0	7.424999999999975	0.55	0.8318898531789037	1.818779610666994	1477010456500000.0
3.4874608612668405	2.2691722732090875	2.0	7.452499999999975	0.55	0.7815651792750558	1.840966015586586	1477010456550000.0
3.526539120230593	2.3612205739884167	2.0	7.479999999999975	0.55	0.7306494839524518	1.8617602776942084	1477010456600000.0
3.563071594428216	2.4543085878731272	2.0	7.5074999999999745	0.55	0.6791812697791239	1.8811466723201615	1477010456650000.0
3.597030657917172	2.548365921489135	2.0	7.534999999999974	0.55	0.6271994571391527	1.8991105394274321	1477010456700000.0
3.62839063077413	2.6433214484605068	2.0	7.562499999999974	0.55	0.5747433548009824	1.9156382946976478	1477010456750000.0
3.657127798514179	2.7391033631953894	2.0	7.589999999999974	0.55	0.5218526301920373	1.9307174398035702	1477010456800000.0
3.6832204300237805	2.835639235185568	2.0	7.617499999999974	0.55	0.4685672794021206	1.9443365718603596	1477010456850000.0
3.7066487939938866	2.932856063778586	2.0	7.644999999999974	0.55	0.4149275969382779	1.9564853920484624	1477010456900000.0
3.7273951738408004	3.0306803333810093	2.0	7.672499999999974	0.55	0.36097414525399607	1.967154713401604	1477010456950000.0
3.7454438811035002	3.1290380690510897	2.0	7.6999999999999735	0.55	0.3067477240757814	1.9763364677539925	1477010457000000.0
3.7607812673072893	3.2278548924387893	2.0	7.727499999999973	0.55	0.2522893395503106	1.984023711841486	1477010457050000.0
3.773395734284805	3.327056078030864	2.0	7.754999999999973	0.55	0.19764017323548688	1.9902106325521043	1477010457100000.0
3.783277742946579	3.426566609658469	2.0	7.782499999999973	0.55	0.14284155095884926	1.9948925513219178	1477010457150000.0
3.790419820494521	3.5263112372245646	2.0	7.809999999999973	0.55	0.08793491156688506	1.9980659276729895	1477010457200000.0
3.7948165660728654	3.626214533608214	2.0	7.837499999999973	0.55	0.03296177558887712	1.9997283618906916	1477010457250000.0
3.796464654852309	3.7262009517027486	2.0	7.864999999999973	0.55	-0.02203628616101759	1.9998785968383754	1477010457300000.0
3.795362840544258	3.826194881544667	2.0	7.8924999999999725	0.55	-0.07701768401971505	1.9985165189080223	1477010457350000.0
3.7915119563432724	3.9261207074900684	2.0	7.919999999999972	0.55	-0.13194084092540478	1.9956431581061522	1477010457400000.0
3.784914914297002	4.025902865395376	2.0	7.947499999999972	0.55	-0.18676422385822136	1.9912606872749323	1477010457450000.0
3.775576703104091	4.1254658997591225	2.0	7.974999999999972	0.55	-0.24144637524761128	1.9853724204490677	1477010457500000.0
3.7635043843417106	4.224734520781576	2.0	8.002499999999973	0.55	-0.2959459443226467	1.9779828103497201	1477010457550000.0
3.7487070871255783	4.323633661299062	2.0	8.029999999999973	0.55	-0.350221718381568	1.9690974450173515	1477010457600000.0
3.7311960012065	4.422088533549929	2.0	8.057499999999973	0.55	-0.40423265395693636	1.9587230435860328	1477010457650000.0
3.710984368508653	4.520024685729231	2.0	8.084999999999972	0.55	-0.4579379078527924	1.94686745120242	1477010457700000.0
3.6880874731160134	4.617368058289352	2.0	8.112499999999972	0.55	-0.5112968680303788	1.933539633093236	1477010457750000.0
3.6625226297144944	4.714045039944014	2.0	8.139999999999972	0.55	-0.5642691843190585	1.9187496677857443	1477010457800000.0
3.6343091704985415	4.809982523333301	2.0	8.167499999999972	0.55	-0.6168147989292093	1.9025087394863445	1477010457850000.0
3.603468430552081	4.905107960307618	2.0	8.194999999999972	0.55	-0.6688939767440168	1.8848291296230475	1477010457900000.0
3.57002373171488	4.999349416788771	2.0	8.222499999999972	0.55	-0.7204673353672642	1.8657242075582323	1477010457950000.0
3.534000364946517	5.092635627166683	2.0	8.249999999999972	0.55	-0.7714958749043912	1.8452084204787025	1477010458000000.0
3.4954255712012974	5.184896048190618	2.0	8.277499999999971	0.55	-0.8219410074543065	1.823297282470689	1477010458050000.0
3.454328520828582	5.276060912314152	2.0	8.304999999999971	0.55	-0.8717645862896488	1.800007362788063	1477010458100000.0
3.4107402915140996	5.366061280453556	2.0	8.332499999999971	0.55	-0.9209289347034311	1.7753562733226262	1477010458150000.0
3.364693844778928	5.454829094119687	2.0	8.359999999999971	0.55	-0.9693968745002547	1.749362655285958	1477010458200000.0
3.3162240010539152	5.542297226883985	2.0	8.38749999999997	0.55	-1.0171317541105485	1.7220461651128864	1477010458250000.0
3.265367413348388	5.628399535139629	2.0	8.41499999999997	0.55	-1.06409747630657	1.6934274595972478	1477010458300000.0
3.2121625395330593	5.713070908119492	2.0	8.44249999999997	0.55	-1.1102585254992159	1.663528180271169	1477010458350000.0
3.1566496132580983	5.79624731713305	2.0	8.46999999999997	0.55	-1.155579994594991	1.6323709370396917	1477010458400000.0
3.098870613528349	5.8778658639850345	2.0	8.49749999999997	0.55	-1.2000276113928359	1.599979291083108	1477010458450000.0
3.038869232958707	5.95786482853919	2.0	8.52499999999997	0.55	-1.2435677645008456	1.5663777370399419	1477010458500000.0
2.976690844733665	6.0361837153911875	2.0	8.55249999999997	0.55	-1.2861675287532819	1.5315916844840454	1477010458550000.0
2.9123824682960007	6.11276329961539	2.0	8.57999999999997	0.55	-1.3277946901086612	1.4956474387098198	1477010458600000.0
2.8459927337905677	6.187545671550881	2.0	8.60749999999997	0.55	-1.3684177700100888	1.4585721808400898	1477010458650000.0
2.7775718452900633	6.260474280592885	2.0	8.63499999999997	0.55	-1.408006049189416	1.4203939472716756	1477010458700000.0
2.7071715428305927	6.331493977956469	2.0	8.66249999999997	0.55	-1.4465295908972238	1.3811416084742036	1477010458750000.0
2.6348450632857316	6.400551058380179	2.0	8.68999999999997	0.55	-1.4839592635410623	1.3408448471581893	1477010458800000.0
2.5606471001086786	6.467593300738089	2.0	8.71749999999997	0.55	-1.5202667627148292	1.2995341358289028	1477010458850000.0
2.4846337619729373	6.532570007529534	2.0	8.744999999999969	0.55	-1.5554246326026284	1.2572407137429882	1477010458900000.0
2.406862530342806	6.595432043216683	2.0	8.772499999999969	0.55	-1.5894062867409215	1.2139965632852654	1477010458950000.0
2.32739221600576	6.656131871380946	2.0	8.799999999999969	0.55	-1.6221860281232745	1.1698343857835751	1477010459000000.0
2.2462829145995964	6.714623590670125	2.0	8.827499999999969	0.55	-1.653739068632494	1.1247875767799587	1477010459050000.0
2.163595961167972	6.770862969509123	2.0	8.854999999999968	0.55	-1.684041547785459	1.0788902007768706	1477010459100000.0
2.0793938837786987	6.8248074795479665	2.0	8.882499999999968	0.55	-1.7130705507764747	1.0321769654775217	1477010459150000.0
1.993740356239875	6.876416327821842	2.0	8.909999999999968	0.55	-1.740804125805503	0.9846831955398341	1477010459200000.0
1.9067001499496	6.925650487598834	2.0	8.937499999999968	0.55	-1.7672213006781623	0.9364448058638501	1477010459250000.0
1.8183390849156917	6.972472727892026	2.0	8.964999999999968	0.55	-1.7923020986649536	0.8874982744328028	1477010459300000.0
1.728723979982444	7.0168476416136665	2.0	8.992499999999968	0.55	-1.8160275536077075	0.8378806147283782	1477010459350000.0
1.6379226023020588	7.058741672350085	2.0	9.019999999999968	0.55	-1.8383797242618385	0.787629347741034	1477010459400000.0
1.5460036160889667	7.098123139737137	2.0	9.047499999999967	0.55	-1.859341707863556	0.7367824735965395	1477010459450000.0
1.4530365306957889	7.134962263416964	2.0	9.074999999999967	0.55	-1.8788976529117734	0.6853784428201904	1477010459500000.0
1.3590916480502002	7.169231185557973	2.0	9.102499999999967	0.55	-1.8970327711550516	0.6334561272604328	1477010459550000.0
1.2642400094924477	7.200903991920995	2.0	9.129999999999967	0.55	-1.913733348774508	0.581054790693879	1477010459600000.0
1.1685533420537224	7.229956731455689	2.0	9.157499999999967	0.55	-1.928986756754239	0.5282140591339486	1477010459650000.0
1.0721040042160104	7.256367434412387	2.0	9.184999999999967	0.55	-1.9427814604314115	0.4749738908655844	1477010459700000.0
0.9749649311944398	7.280116128955666	2.0	9.212499999999967	0.55	-1.955107028218802	0.421374546228703	1477010459750000.0
0.8772095797834998	7.301184856267101	2.0	9.239999999999966	0.55	-1.9659541394931863	0.36745655717323233	1477010459800000.0
0.7789118728088404	7.319557684125763	2.0	9.267499999999966	0.55	-1.975314591643619	0.31326069660875566	1477010459850000.0
0.6801461432266594	7.335220718956201	2.0	9.294999999999966	0.55	-1.983181306274264	0.25882794757194205	1477010459900000.0
0.5809870779129462	7.348162116334798	2.0	9.322499999999966	0.55	-1.9895483345570963	0.2041994722350781	1477010459950000.0
0.4815096611850914	7.358372089946552	2.0	9.349999999999966	0.55	-1.9944108617304188	0.1494165807791369	1477010460000000.0
0.38178911809857047	7.365842918985509	2.0	9.377499999999966	0.55	-1.9977652107397965	0.09452070015492224	1477010460050000.0
0.2819008575615806	7.370568953993255	2.0	9.404999999999966	0.55	-1.9996088450186535	0.03955334275591168	1477010460100000.0
0.18192041531064795	7.37254662113105	2.0	9.432499999999965	0.55	-1.999940370406431	-0.015443924973512808	1477010460150000.0
0.0819233967903264	7.371774424882375	2.0	9.459999999999965	0.55	-1.9987595362028545	-0.07042951397070735	1477010460200000.0
-0.01801458001981633	7.368252949183839	2.0	9.487499999999965	0.55	-1.9960672353575137	-0.12536184400451272	1477010460250000.0
-0.11781794178769202	7.3619848569836135	2.0	9.514999999999965	0.55	-1.9918655037946127	-0.1801993751183225	1477010460300000.0
-0.21741121697742266	7.352974888227697	2.0	9.542499999999965	0.55	-1.9861575188733982	-0.23490063904269565	1477010460350000.0
-0.31671909292109257	7.341229856275563	2.0	9.569999999999965	0.55	-1.9789475969854342	-0.28942427055375874	1477010460400000.0
-0.4156664727703643	7.326758642747874	2.0	9.597499999999965	0.55	-1.970241190290536	-0.34372903875368543	1477010460450000.0
-0.5141785322848911	7.30957219081019	2.0	9.624999999999964	0.55	-1.9600448825938335	-0.3977738782495976	1477010460500000.0
-0.6121807764145828	7.28968349689771	2.0	9.652499999999964	0.55	-1.948366384367084	-0.4515179202073118	1477010460550000.0
-0.709599095632937	7.2671076008873445	2.0	9.679999999999964	0.55	-1.935214526917994	-0.5049205232564474	1477010460600000.0
-0.8063598219788367	7.241861574724522	2.0	9.707499999999964	0.55	-1.9205992557119642	-0.5579413042235262	1477010460650000.0
-0.9023897847644349	7.213964509513346	2.0	9.734999999999964	0.55	-1.904531622851305	-0.610540168669822	1477010460700000.0
-0.9976163659070001	7.183437501079855	2.0	9.762499999999964	0.55	-1.8870237787176112	-0.6626773412108701	1477010460750000.0
-1.0919675548428807	7.150303634019311	2.0	9.789999999999964	0.55	-1.8680889627836148	-0.7143133955947055	1477010460800000.0
-1.1853720029820614	7.1145879642395755	2.0	9.817499999999963	0.55	-1.8477414936014647	-0.7654092845160874	1477010460850000.0
-1.2777590776621346	7.076317500013771	2.0	9.844999999999963	0.55	-1.8259967579750038	-0.8159263691441621	1477010460900000.0
-1.3690589155608848	7.035521181556563	2.0	9.872499999999963	0.55	-1.8028711993242326	-0.8658264483412382	1477010460950000.0
-1.4592024755270965	6.992229859139501	2.0	9.899999999999963	0.55	-1.778382305250756	-0.9150717875505764	1477010461000000.0
-1.5481215907896342	6.946476269761972	2.0	9.927499999999963	0.55	-1.7525485943136174	-0.9636251473313486	1477010461050000.0
-1.6357490205053151	6.898295012395405	2.0	9.954999999999963	0.55	-1.7253896020255228	-1.0114498115191917	1477010461100000.0
-1.7220185006065913	6.8477225218194455	2.0	9.982499999999963	0.55	-1.6969258660800381	-1.0585096149910556	1477010461150000.0
-1.8068647939105933	6.794797041069892	2.0	10.009999999999962	0.55	-1.667178910820939	-1.1047689710133555	1477010461200000.0
-1.8902237394516401	6.7395585925192245	2.0	10.037499999999962	0.55	-1.6361712309654504	-1.1501928981527416	1477010461250000.0
-1.9720323009999126	6.682048947611587	2.0	10.064999999999962	0.55	-1.6039262745936897	-1.1947470467291423	1477010461300000.0
-2.052228614729597	6.62231159527513	2.0	10.092499999999962	0.55	-1.5704684254171735	-1.238397724791072	1477010461350000.0
-2.1307520360004557	6.560391709035577	2.0	10.119999999999962	0.55	-1.5358229843397968	-1.2811119235935635	1477010461400000.0
-2.2075431852174456	6.496336112855899	2.0	10.147499999999962	0.55	-1.5000161503252316	-1.3228573425594585	1477010461450000.0
-2.2825439927337072	6.430193245727926	2.0	10.174999999999962	0.55	-1.4630750005852082	-1.36360241370518	1477010461500000.0
-2.3556977427629677	6.362013125042667	2.0	10.202499999999961	0.55	-1.4250274701036652	-1.4033163255125152	1477010461550000.0
-2.426949116268151	6.291847308767041	2.0	10.229999999999961	0.55	-1.3859023305122484	-1.4419690462283572	1477010461600000.0
-2.4962442327937637	6.219748856455623	2.0	10.257499999999961	0.55	-1.345729168333136	-1.4795313465747881	1477010461650000.0
-2.5635306912104205	6.145772289126883	2.0	10.284999999999961	0.55	-1.3045383626056415	-1.5159748218523261	1477010461700000.0
-2.6287576093407026	6.069973548034267	2.0	10.312499999999961	0.55	-1.262361061913512	-1.551271913419627	1477010461750000.0
-2.691875662436378	5.992409952363285	2.0	10.33999999999996	0.55	-1.2192291608302972	-1.5853959295333924	1477010461800000.0
-2.752837120477893	5.913140155886616	2.0	10.36749999999996	0.55	-1.1751752758005984	-1.6183210655327291	1477010461850000.0
-2.811595884267923	5.832224102609979	2.0	10.39499999999996	0.55	-1.1302327204754357	-1.6500224233526937	1477010461900000.0
-2.868107520291695	5.7497229814423445	2.0	10.42249999999996	0.55	-1.0844354805203877	-1.6804760303522677	1477010461950000.0
-2.922329294317714	5.665699179924731	2.0	10.44999999999996	0.55	-1.037818187915552	-1.709658857442525	1477010462000000.0
-2.9742202037134917	5.580216237052605	2.0	10.47749999999996	0.55	-0.9904160947667595	-1.7375488365012828	1477010462050000.0
-3.0237410084518297	5.493338795227541	2.0	10.50499999999996	0.55	-0.9422650466478508	-1.7641248770610667	1477010462100000.0
-3.0708542607842224	5.4051325513744874	2.0	10.53249999999996	0.55	-0.8934014554941686	-1.7893668822577724	1477010462150000.0
-3.115524333558931	5.315664207261599	2.0	10.55999999999996	0.55	-0.843862272067767	-1.8132557640279614	1477010462200000.0
-3.157717447162319	5.2250014190602005	2.0	10.58749999999996	0.55	-0.7936849580151586	-1.8357734575432982	1477010462250000.0
-3.197401695063077	5.133212746183036	2.0	10.61499999999996	0.55	-0.74290745753873	-1.8569029348712172	1477010462300000.0
-3.2345470679400137	5.040367599439475	2.0	10.64249999999996	0.55	-0.6915681687032472	-1.876628217851484	1477010462350000.0
-3.269125476375176	4.946536188546901	2.0	10.669999999999959	0.55	-0.6397059143991484	-1.8949343901789184	1477010462400000.0
-3.3011107720951336	4.851789469037955	2.0	10.697499999999959	0.55	-0.5873599129845841	-1.9118076086831388	1477010462450000.0
-3.3304787677443626	4.756199088603799	2.0	10.724999999999959	0.55	-0.5345697486284023	-1.9272351137968005	1477010462500000.0
-3.3572072551757826	4.659837332913958	2.0	10.752499999999959	0.55	-0.4813753413765079	-1.94120523920441	1477010462550000.0
-3.381276022244608	4.562777070953738	2.0	10.779999999999959	0.55	-0.4278169169642297	-1.95370742066442	1477010462600000.0
-3.4026668680928194	4.465091699920516	2.0	10.807499999999958	0.55	-0.37393497639752593	-1.9647322039979347	1477010462650000.0
-3.4213636169126955	4.3668550897206195	2.0	10.834999999999958	0.55	-0.31977026532602826	-1.97427125223798	1477010462700000.0
-3.437352130178997	4.26814152710872	2.0	10.862499999999958	0.55	-0.2653637432310862	-1.9823173519339394	1477010462750000.0
-3.4506203173405514	4.169025659512023	2.0	10.889999999999958	0.55	-0.21075655245211153	-1.9888644186063815	1477010462800000.0
-3.461158144963157	4.069582438581704	2.0	10.917499999999958	0.55	-0.15598998707464476	-1.9939075013481573	1477010462850000.0
-3.4689576443168892	3.969887063514296	2.0	10.944999999999958	0.55	-0.101105461703671	-1.997442786568288	1477010462900000.0
-3.4740129174020726	3.8700149241858814	2.0	10.972499999999958	0.55	-0.04614448014579865	-1.9994676008758117	1477010462950000.0
-3.4763201414093627	3.770041544142091	2.0	10.999999999999957	0.55	0.008851395976016307	-1.9999804131014074	1477010463000000.0
-3.475877571610562	3.6700425234870204	2.0	11.027499999999957	0.55	0.06384057865146692	-1.9989808354552692	1477010463050000.0
-3.4726855426779886	3.570093481714257	2.0	11.054999999999957	0.55	0.11878148493184607	-1.9964696238203539	1477010463100000.0
-3.4667464684313964	3.4702700005232394	2.0	11.082499999999957	0.55	0.17363256837516958	-1.9924486771807806	1477010463150000.0
-3.458064840012638	3.3706475666642004	2.0	11.109999999999957	0.55	0.2283523504636931	-1.9869210361858134	1477010463200000.0
-3.446647222489453	3.2713015148549096	2.0	11.137499999999957	0.55	0.2828994519700641	-1.9798908808505173	1477010463250000.0
-3.43250224989095	3.1723069708123837	2.0	11.164999999999957	0.55	0.3372326242483908	-1.9713635273948191	1477010463300000.0
-3.4156406186785304	3.073738794442643	2.0	11.192499999999956	0.55	0.39131078042656453	-1.9613454242233705	1477010463350000.0
-3.3960750796572023	2.9756715232314743	2.0	11.219999999999956	0.55	0.4450930264762487	-1.949844147049249	1477010463400000.0
-3.37382042833339	2.878179315879012	2.0	11.247499999999956	0.55	0.49853869213703894	-1.9368683931651862	1477010463450000.0
-3.3488934937265378	2.7813358962207526	2.0	11.274999999999956	0.55	0.5516073616714089	-1.9224279748666548	1477010463500000.0
-3.3213131256429675	2.68521449747742	2.0	11.302499999999956	0.55	0.6042589044271862	-1.9065338120317867	1477010463550000.0
-3.2911001804216085	2.5898878068758306	2.0	11.329999999999956	0.55	0.6564535051844448	-1.8891979238637375	1477010463600000.0
-3.2582775051623862	2.495427910682644	2.0	11.357499999999956	0.55	0.7081516942638684	-1.8704334198017347	1477010463650000.0
-3.2228699204491926	2.4019062396925572	2.0	11.384999999999955	0.55	0.7593143773738134	-1.8502544896076913	1477010463700000.0
-3.184904201580502	2.3093935152121725	2.0	11.412499999999955	0.55	0.8099028651735047	-1.8286763926358724	1477010463750000.0
-3.144409058321827	2.217959695580379	2.0	11.439999999999955	0.55	0.8598789025300054	-1.805715446293738	1477010463800000.0
-3.1014151131953267	2.127673923265692	2.0	11.467499999999955	0.55	0.9092046974468379	-1.781389013702679	1477010463850000.0
-3.055954878322985	2.038604472580558	2.0	11.494999999999955	0.55	0.9578429496423798	-1.7557154905679866	1477010463900000.0
-3.008062730840866	1.9508186980521587	2.0	11.522499999999955	0.55	1.005756878756425	-1.728714291267974	1477010463950000.0
-2.9577748869030445	1.86438298348876	2.0	11.549999999999955	0.55	1.0529102521635774	-1.7004058341727812	1477010464000000.0
-2.9051293742948654	1.7793626917801209	2.0	11.577499999999954	0.55	1.099267412372448	-1.670811526203953	1477010464050000.0
-2.850166003676243	1.6958221154699231	2.0	11.604999999999954	0.55	1.144793303989932	-1.6399537466464762	1477010464100000.0
-2.7929263384767467	1.6138244281375993	2.0	11.632499999999954	0.55	1.189453500230181	-1.6078558302255122	1477010464150000.0
-2.7334536634652378	1.5334316366263236	2.0	11.659999999999954	0.55	1.233214228948217	-1.5745420494606215	1477010464200000.0
-2.6717929520178267	1.4547045341532925	2.0	11.687499999999954	0.55	1.2760423981785094	-1.54003759631083	1477010464250000.0
-2.6079908321089014	1.377702654337751	2.0	11.714999999999954	0.55	1.3179056211591955	-1.5043685631244077	1477010464300000.0
-2.5420955510509415	1.3024842261815306	2.0	11.742499999999954	0.55	1.3587722408230265	-1.4675619229077768	1477010464350000.0
-2.47415693900979	1.2291061300361417	2.0	11.769999999999953	0.55	1.3986113537365155	-1.4296455089284588	1477010464400000.0
-2.4042263713229644	1.1576238545897186	2.0	11.797499999999953	0.55	1.437392833469186	-1.3906479936674936	1477010464450000.0
-2.332356729649505	1.0880914549063438	2.0	11.824999999999953	0.55	1.4750873533752498	-1.350598867137242	1477010464500000.0
-2.2586023619807425	1.0205615115494817	2.0	11.852499999999953	0.55	1.5116664087704845	-1.309528414580969	1477010464550000.0
-2.1830190415422184	0.9550850908204332	2.0	11.879999999999953	0.55	1.547102338487544	-1.2674676935710723	1477010464600000.0
-2.1056639246178412	0.8917117061418797	2.0	11.907499999999953	0.55	1.5813683457933951	-1.2244485105232725	1477010464650000.0
-2.0265955073281714	0.830489280615716	2.0	11.934999999999953	0.55	1.6144385186530734	-1.180503396644529	1477010464700000.0
-1.9458735813955177	0.7714641107834895	2.0	11.962499999999952	0.55	1.6462878493244215	-1.1356655833328626	1477010464750000.0
-1.8635591889292966	0.7146808316168464	2.0	11.989999999999952	0.55	1.6768922532690045	-1.089968977047696	1477010464800000.0
-1.7797145762658464	0.6601823827644616	2.0	12.017499999999952	0.55	1.7062285873648935	-1.0434481336697097	1477010464850000.0
-1.6944031468976017	0.6080099760809762	2.0	12.044999999999952	0.55	1.734274667407548	-0.9961382323696039	1477010464900000.0
-1.6076894135272244	0.558203064462496	2.0	12.072499999999952	0.55	1.7610092848855645	-0.9480750490055271	1477010464950000.0
-1.519638949282946	0.5107993120122196	2.0	12.099999999999952	0.55	1.786412223018602	-0.8992949290692887	1477010465000000.0
-1.430318338132016	0.4658345655587552	2.0	12.127499999999952	0.55	1.8104642720453579	-0.8498347602018125	1477010465050000.0
-1.339795124529748	0.4233428275486646	2.0	12.154999999999951	0.55	1.833147243750036	-0.7997319442986168	1477010465100000.0
-1.248137762342246	0.3833562303337337	2.0	12.182499999999951	0.55	1.8544439852163164	-0.7490243692264134	1477010465150000.0
-1.1554155630814302	0.34590501187241307	2.0	12.209999999999951	0.55	1.8743383917984318	-0.6977503801722134	1477010465200000.0
-1.0616986434915086	0.3110174928638024	2.0	12.237499999999951	0.55	1.8928154192995381	-0.6459487506466077	1477010465250000.0
-0.9670578725265316	0.27872005533147204	2.0	12.26499999999995	0.55	1.9098610953481716	-0.5936586531631474	1477010465300000.0
-0.8715648177591231	0.24903712267331468	2.0	12.29249999999995	0.55	1.9254625299641883	-0.5409196296159969	1477010465350000.0
-0.7752916912609137	0.22199114119251484	2.0	12.31999999999995	0.55	1.9396079253061977	-0.4877715613782614	1477010465400000.0
-0.6783112949956038	0.19760256312360178	2.0	12.34749999999995	0.55	1.9522865845931183	-0.4342546391435988	1477010465450000.0
-0.5806969657659479	0.17588983116642185	2.0	12.37499999999995	0.55	1.9634889201931074	-0.3804093325339234	1477010465500000.0
-0.4825225197562925	0.15686936453972566	2.0	12.40249999999995	0.55	1.973206460873752	-0.3262763594961828	1477010465550000.0
-0.3838621967126049	0.14055554656491653	2.0	12.42999999999995	0.55	1.9814318582080337	-0.271896655511351	1477010465600000.0
-0.2847906038022032	0.12696071378934898	2.0	12.45749999999995	0.55	1.9881588921312272	-0.2173113426389222	1477010465650000.0
-0.18538265919564184	0.11609514665740286	2.0	12.48499999999995	0.55	1.993382475644527	-0.1625616984203127	1477010465700000.0
-0.08571353541341548	0.10796706173638723	2.0	12.51249999999995	0.55	1.9970986586618482	-0.10768912466468766	1477010465750000.0
0.01414139751967694	0.10258260550315285	2.0	12.53999999999995	0.55	1.9993046309968912	-0.05273511614081596	1477010465800000.0
0.1141066290695215	0.09994584969611205	2.0	12.56749999999995	0.55	1.99999872448821	0.0022587708013710396	1477010465850000.0
0.21410656529393202	0.1000587882361806	2.0	12.59499999999995	0.55	1.9991804142606815	0.05725094965578869	1477010465900000.0
0.3140655860069661	0.10292133571897004	2.0	12.622499999999949	0.55	1.996850319122416	0.1121998352080123	1477010465950000.0
0.4139081019630869	0.10853132747937065	2.0	12.649999999999949	0.55	1.9930102010968134	0.1670638749821137	1477010466000000.0
0.5135586120179276	0.11688452122847634	2.0	12.677499999999949	0.55	1.987662964090117	0.22180158066274075	1477010466050000.0
0.6129417602224335	0.1279746002616134	2.0	12.704999999999949	0.55	1.980812651695473	0.27637155946867875	1477010466100000.0
0.7119823928072072	0.14179317823504733	2.0	12.732499999999948	0.55	1.972464444135155	0.3307325454541683	1477010466150000.0
0.810605615013965	0.15832980550775574	2.0	12.759999999999948	0.55	1.96262465434327	0.38484343071431026	1477010466200000.0
0.9087368477311285	0.17757197704347127	2.0	12.787499999999948	0.55	1.9513007231918997	0.4386632964709597	1477010466250000.0
1.0063018838907234	0.19950514186701926	2.0	12.814999999999948	0.55	1.9385012138642983	0.4921514440156016	1477010466300000.0
1.1032269445839382	0.22411271406779934	2.0	12.842499999999948	0.55	1.924235805379392	0.5452674254858098	1477010466350000.0
1.1994387348529079	0.25137608534208983	2.0	12.869999999999948	0.55	1.9085152852724818	0.5979710744520149	1477010466400000.0
1.294864499116532	0.2812746390646906	2.0	12.897499999999948	0.55	1.8913515414376858	0.6502225362914529	1477010466450000.0
1.3894320761884162	0.3137857658792632	2.0	12.924999999999947	0.55	1.872757553138284	0.7019822983263235	1477010466500000.0
1.4830699538453305	0.3488848807955794	2.0	12.952499999999947	0.55	1.8527473811917696	0.7532112197033706	1477010466550000.0
1.575707322904919	0.3865454417807479	2.0	12.979999999999947	0.55	1.8313361573370268	0.8038705609922862	1477010466600000.0
1.6672741307717702	0.4267389698303622	2.0	13.007499999999947	0.55	1.8085400727916727	0.8539220134805587	1477010466650000.0
1.7577011344113538	0.46943507050439015	2.0	13.034999999999947	0.55	1.7843763660082221	0.9033277281426113	1477010466700000.0
1.8469199527117648	0.5146014569115207	2.0	13.062499999999947	0.55	1.7588633096383288	0.9520503442613234	1477010466750000.0
1.9348631181936813	0.5622039741245869	2.0	13.089999999999947	0.55	1.7320201967149635	1.0000530176802924	1477010466800000.0
2.0214641280294297	0.6122066250086016	2.0	13.117499999999946	0.55	1.703867326062977	1.0472994486654714	1477010466850000.0
2.1066574943325787	0.6645715974418751	2.0	13.144999999999946	0.55	1.6744259869490825	1.0937539093551123	1477010466900000.0
2.1903787936800327	0.7192592929096308	2.0	13.172499999999946	0.55	1.64371844298286	1.1393812707772595	1477010466950000.0
2.2725647158291755	0.7762283564484938	2.0	13.199999999999946	0.55	1.6117679152809645	1.1841470294143601	1477010467000000.0
2.353153111593224	0.8354357079192117	2.0	13.227499999999946	0.55	1.578598564907263	1.2280173332949051	1477010467050000.0
2.432083039838587	0.896836574583957	2.0	13.254999999999946	0.55	1.5442354746021802	1.270959007592369	1477010467100000.0
2.509294813568696	0.9603845249635755	2.0	13.282499999999946	0.55	1.508704629815073	1.3129395797120915	1477010467150000.0
2.58473004505945	1.02603150394918	2.0	13.309999999999945	0.55	1.4720328990539717	1.3539273038471302	1477010467200000.0
2.6583316900121483	1.0937278691415366	2.0	13.337499999999945	0.55	1.4342480135675522	1.3938911849845135	1477010467250000.0
2.730044090690526	1.1634224283907624	2.0	13.364999999999945	0.55	1.3953785463746995	1.4328010023437416	1477010467300000.0
2.799813018009261	1.2350624785079494	2.0	13.392499999999945	0.55	1.3554538906575258	1.470627332229813	1477010467350000.0
2.8675857125421373	1.30859384511944	2.0	13.419999999999945	0.55	1.3145042375341756	1.5073415702834894	1477010467400000.0
2.933310924418846	1.3839609236336146	2.0	13.447499999999945	0.55	1.2725605532282325	1.5429159531119816	1477010467450000.0
2.9969389520802574	1.4611067212892137	2.0	13.474999999999945	0.55	1.229654555651988	1.5773235792836902	1477010467500000.0
3.0584216798628567	1.5399729002533982	2.0	13.502499999999944	0.55	1.1858186904212822	1.6105384296711318	1477010467550000.0
3.1177126143839207	1.6204998217369548	2.0	13.529999999999944	0.55	1.1410861063200528	1.6425353871266644	1477010467600000.0
3.1747669196999233	1.702626591093288	2.0	13.557499999999944	0.55	1.095490630233147	1.673290255476133	1477010467650000.0
3.2295414512115808	1.7862911038670948	2.0	13.584999999999944	0.55	1.0490667415663526	1.7027797778160731	1477010467700000.0
3.2819947882898983	1.8714300927578984	2.0	13.612499999999944	0.55	1.0018495461729904	1.7309816541006358	1477010467750000.0
3.332087265598548	1.95797917546293	2.0	13.639999999999944	0.55	0.9538747498067848	1.7578745580049344	1477010467800000.0
3.3797810030888873	2.045872903363177	2.0	13.667499999999944	0.55	0.9051786311210904	1.7834381530520618	1477010467850000.0
3.425039934644942	2.13504481101578	2.0	13.694999999999943	0.55	0.8557980142348889	1.8076531079915805	1477010467900000.0
3.467829835356686	2.225427466415359	2.0	13.722499999999943	0.55	0.8057702408863041	1.8305011114178618	1477010467950000.0
