L	0.09472	0.14651	1477010443000000	0.11000	0.10000	2.00000	0.00000
R	0.23548	0.44498	1.82784	1477010443050000	0.21000	0.10000	1.99924	0.05499
L	0.41706	0.15488	1477010443100000	0.30996	0.10275	1.99698	0.10994
R	0.58129	0.25884	1.70668	1477010443150000	0.40981	0.10825	1.99320	0.16481
L	0.54974	-0.12681	1477010443200000	0.50947	0.11649	1.98791	0.21956
R	0.54050	0.20853	1.94385	1477010443250000	0.60887	0.12747	1.98112	0.27413
L	0.87483	0.25161	1477010443300000	0.70792	0.14117	1.97284	0.32850
R	0.83192	0.18612	1.69115	1477010443350000	0.80656	0.15760	1.96306	0.38263
L	0.90580	-0.00230	1477010443400000	0.90472	0.17673	1.95179	0.43646
R	0.89922	0.20056	1.85745	1477010443450000	1.00231	0.19855	1.93906	0.48996
L	1.14702	0.19329	1477010443500000	1.09926	0.22305	1.92485	0.54309
R	1.09131	0.18055	2.06228	1477010443550000	1.19550	0.25020	1.90919	0.59582
L	1.23662	0.63403	1477010443600000	1.29096	0.28000	1.89208	0.64809
R	1.46522	0.24017	2.02562	1477010443650000	1.38557	0.31240	1.87355	0.69987
L	1.56285	0.39765	1477010443700000	1.47924	0.34739	1.85360	0.75112
R	1.44579	0.22574	1.90479	1477010443750000	1.57192	0.38495	1.83224	0.80180
L	1.65272	0.55291	1477010443800000	1.66354	0.42504	1.80950	0.85188
R	1.87529	0.24772	1.73417	1477010443850000	1.75401	0.46763	1.78540	0.90131
L	1.91807	0.56058	1477010443900000	1.84328	0.51270	1.75994	0.95006
R	2.12527	0.27522	1.77122	1477010443950000	1.93128	0.56020	1.73315	0.99810
L	2.17277	0.51942	1477010444000000	2.01793	0.61011	1.70505	1.04537
R	2.13339	0.30511	1.66975	1477010444050000	2.10319	0.66238	1.67566	1.09186
L	2.29082	0.52369	1477010444100000	2.18697	0.71697	1.64500	1.13752
R	2.62127	0.31444	1.83262	1477010444150000	2.26922	0.77384	1.61310	1.18233
L	2.18579	0.69998	1477010444200000	2.34988	0.83296	1.57998	1.22623
R	2.61791	0.35297	1.52361	1477010444250000	2.42887	0.89427	1.54567	1.26921
L	2.68909	1.23407	1477010444300000	2.50616	0.95773	1.51019	1.31123
R	2.53255	0.38995	2.08632	1477010444350000	2.58167	1.02329	1.47356	1.35226
L	2.78119	1.01452	1477010444400000	2.65535	1.09091	1.43582	1.39227
R	2.95648	0.39879	1.76549	1477010444450000	2.72714	1.16052	1.39700	1.43122
L	2.86213	0.73309	1477010444500000	2.79699	1.23208	1.35711	1.46910
R	3.00238	0.43431	1.96515	1477010444550000	2.86484	1.30554	1.31621	1.50586
L	3.06613	1.41286	1477010444600000	2.93065	1.38083	1.27430	1.54148
R	3.25916	0.43350	1.70490	1477010444650000	2.99437	1.45790	1.23144	1.57593
L	3.03002	1.32238	1477010444700000	3.05594	1.53670	1.18764	1.60920
R	3.66471	0.47426	1.93620	1477010444750000	3.11532	1.61716	1.14294	1.64125
L	3.27477	1.76364	1477010444800000	3.17247	1.69922	1.09738	1.67205
R	3.72471	0.49326	1.62298	1477010444850000	3.22734	1.78283	1.05099	1.70159
L	3.20969	1.88038	1477010444900000	3.27989	1.86791	1.00380	1.72985
R	3.62942	0.53094	1.58854	1477010444950000	3.33008	1.95440	0.95586	1.75680
L	3.64359	2.18067	1477010445000000	3.37787	2.04224	0.90719	1.78241
R	4.04860	0.57274	1.48018	1477010445050000	3.42323	2.13136	0.85784	1.80669
L	3.25329	2.20546	1477010445100000	3.46612	2.22169	0.80784	1.82959
R	4.09343	0.58442	1.58563	1477010445150000	3.50651	2.31317	0.75722	1.85111
L	3.64373	2.63701	1477010445200000	3.54437	2.40573	0.70604	1.87123
R	4.48510	0.57911	1.63124	1477010445250000	3.57968	2.49929	0.65432	1.88994
L	3.62916	2.53975	1477010445300000	3.61239	2.59379	0.60211	1.90722
R	4.66164	0.61693	1.44942	1477010445350000	3.64250	2.68915	0.54944	1.92305
L	3.80816	2.81744	1477010445400000	3.66997	2.78530	0.49635	1.93743
R	4.73753	0.67731	1.39576	1477010445450000	3.69479	2.88217	0.44289	1.95035
L	3.57037	2.99244	1477010445500000	3.71693	2.97969	0.38910	1.96179
R	4.72706	0.70275	1.59339	1477010445550000	3.73639	3.07778	0.33501	1.97174
L	3.74176	3.13145	1477010445600000	3.75314	3.17636	0.28066	1.98021
R	4.79539	0.71341	1.37525	1477010445650000	3.76717	3.27538	0.22611	1.98718
L	3.65449	3.25152	1477010445700000	3.77848	3.37473	0.17138	1.99264
R	5.34055	0.77174	1.52136	1477010445750000	3.78704	3.47437	0.11653	1.99660
L	3.95731	3.23428	1477010445800000	3.79287	3.57420	0.06158	1.99905
R	5.53839	0.77695	1.57806	1477010445850000	3.79595	3.67415	0.00659	1.99999
L	3.93187	3.66217	1477010445900000	3.79628	3.77415	-0.04840	1.99941
R	5.28204	0.77673	1.43774	1477010445950000	3.79386	3.87412	-0.10336	1.99733
L	3.99050	3.77122	1477010446000000	3.78869	3.97399	-0.15824	1.99373
R	5.53067	0.82645	1.40271	1477010446050000	3.78078	4.07367	-0.21300	1.98863
L	3.68806	4.26390	1477010446100000	3.77013	4.17310	-0.26760	1.98202
R	5.49413	0.83375	1.49664	1477010446150000	3.75675	4.27220	-0.32200	1.97391
L	3.91217	4.11344	1477010446200000	3.74065	4.37090	-0.37615	1.96431
R	5.66476	0.87175	0.87427	1477010446250000	3.72184	4.46911	-0.43002	1.95322
L	3.67767	4.64331	1477010446300000	3.70034	4.56678	-0.48357	1.94066
R	5.99062	0.88787	1.31012	1477010446350000	3.67616	4.66381	-0.53675	1.92663
L	3.76829	4.77962	1477010446400000	3.64932	4.76014	-0.58952	1.91114
R	5.98216	0.93373	1.18152	1477010446450000	3.61985	4.85570	-0.64185	1.89421
L	3.58496	4.92189	1477010446500000	3.58776	4.95041	-0.69369	1.87585
R	6.21600	0.93464	0.86099	1477010446550000	3.55307	5.04420	-0.74500	1.85606
L	3.69232	4.80468	1477010446600000	3.51582	5.13700	-0.79576	1.83488
R	5.91799	0.98869	1.08329	1477010446650000	3.47603	5.22875	-0.84591	1.81230
L	3.48340	5.33808	1477010446700000	3.43374	5.31936	-0.89542	1.78836
R	6.26791	1.01962	0.85826	1477010446750000	3.38897	5.40878	-0.94426	1.76306
L	3.20065	5.67196	1477010446800000	3.34175	5.49693	-0.99238	1.73643
R	6.55923	1.04360	0.88984	1477010446850000	3.29214	5.58375	-1.03975	1.70849
L	3.31350	5.41937	1477010446900000	3.24015	5.66918	-1.08633	1.67925
R	6.76762	1.07741	0.83913	1477010446950000	3.18583	5.75314	-1.13210	1.64874
L	3.30073	5.76262	1477010447000000	3.12923	5.83558	-1.17700	1.61699
R	6.58735	1.09347	0.69758	1477010447050000	3.07038	5.91643	-1.22102	1.58402
L	3.15310	5.80201	1477010447100000	3.00933	5.99563	-1.26411	1.54985
R	6.85575	1.09198	0.75134	1477010447150000	2.94612	6.07312	-1.30625	1.51450
L	2.73687	6.06858	1477010447200000	2.88081	6.14885	-1.34740	1.47801
R	6.58626	1.13636	0.48400	1477010447250000	2.81344	6.22275	-1.38753	1.44040
L	2.69842	6.21993	1477010447300000	2.74406	6.29477	-1.42661	1.40171
R	6.99709	1.16440	0.53704	1477010447350000	2.67273	6.36485	-1.46461	1.36195
L	2.72787	6.46634	1477010447400000	2.59950	6.43295	-1.50151	1.32116
R	6.92835	1.20493	0.40858	1477010447450000	2.52442	6.49901	-1.53727	1.27938
L	2.28212	6.34804	1477010447500000	2.44756	6.56298	-1.57187	1.23662
R	7.12687	1.22579	0.59016	1477010447550000	2.36897	6.62481	-1.60527	1.19293
L	2.38835	6.73990	1477010447600000	2.28870	6.68445	-1.63747	1.14834
R	6.82737	1.26279	0.54270	1477010447650000	2.20683	6.74187	-1.66843	1.10289
L	1.84527	6.91525	1477010447700000	2.12341	6.79702	-1.69812	1.05659
R	7.26915	1.30557	0.48927	1477010447750000	2.03850	6.84985	-1.72653	1.00950
L	2.11432	6.68571	1477010447800000	1.95218	6.90032	-1.75364	0.96165
R	7.19055	1.30705	0.56640	1477010447850000	1.86449	6.94840	-1.77941	0.91306
L	1.84925	6.76715	1477010447900000	1.77552	6.99406	-1.80385	0.86379
R	7.41064	1.33878	0.33757	1477010447950000	1.68533	7.03725	-1.82692	0.81386
L	1.92777	6.93748	1477010448000000	1.59399	7.07794	-1.84860	0.76332
R	7.36112	1.39939	0.16863	1477010448050000	1.50156	7.11611	-1.86889	0.71220
L	1.21271	7.09753	1477010448100000	1.40811	7.15172	-1.88777	0.66055
R	6.98010	1.40158	0.22277	1477010448150000	1.31372	7.18474	-1.90522	0.60839
L	1.22880	7.00159	1477010448200000	1.21846	7.21516	-1.92123	0.55577
R	7.31216	1.40587	-0.18269	1477010448250000	1.12240	7.24295	-1.93578	0.50273
L	1.12699	7.60264	1477010448300000	1.02561	7.26809	-1.94888	0.44932
R	7.40782	1.47032	0.20100	1477010448350000	0.92817	7.29055	-1.96049	0.39556
L	0.75255	7.42019	1477010448400000	0.83014	7.31033	-1.97063	0.34150
R	7.50884	1.47004	0.11068	1477010448450000	0.73161	7.32741	-1.97927	0.28719
L	0.61413	7.22577	1477010448500000	0.63265	7.34177	-1.98642	0.23266
R	7.45353	1.51146	-0.31930	1477010448550000	0.53333	7.35340	-1.99207	0.17795
L	0.19765	7.33802	1477010448600000	0.43372	7.36230	-1.99621	0.12311
R	7.59103	1.52500	0.02593	1477010448650000	0.33391	7.36845	-1.99884	0.06817
L	0.35711	7.25145	1477010448700000	0.23397	7.37186	-1.99996	0.01319
R	7.20546	1.54478	0.03886	1477010448750000	0.13397	7.37252	-1.99956	-0.04181
L	-0.01578	7.48835	1477010448800000	0.03399	7.37043	-1.99766	-0.09678
R	7.44748	1.57823	-0.08801	1477010448850000	-0.06589	7.36559	-1.99424	-0.15167
L	-0.11431	7.40468	1477010448900000	-0.16560	7.35801	-1.98932	-0.20645
R	7.34391	1.62560	-0.20702	1477010448950000	-0.26507	7.34768	-1.98289	-0.26107
L	-0.59936	7.37979	1477010449000000	-0.36421	7.33463	-1.97496	-0.31549
R	7.51712	1.64836	-0.29158	1477010449050000	-0.46296	7.31886	-1.96554	-0.36968
L	-0.73885	7.66762	1477010449100000	-0.56124	7.30037	-1.95463	-0.42358
R	7.21466	1.68154	-0.16356	1477010449150000	-0.65897	7.27919	-1.94224	-0.47717
L	-0.51372	7.23291	1477010449200000	-0.75608	7.25534	-1.92839	-0.53039
R	7.31304	1.68957	-0.35022	1477010449250000	-0.85250	7.22882	-1.91308	-0.58322
L	-0.89230	7.25397	1477010449300000	-0.94815	7.19965	-1.89632	-0.63560
R	7.21413	1.70651	-0.55400	1477010449350000	-1.04297	7.16787	-1.87812	-0.68750
L	-1.08320	6.89841	1477010449400000	-1.13687	7.13350	-1.85851	-0.73888
R	7.21485	1.73823	-0.22372	1477010449450000	-1.22980	7.09656	-1.83749	-0.78971
L	-0.99033	7.13903	1477010449500000	-1.32167	7.05707	-1.81508	-0.83993
R	7.21917	1.77328	-0.35219	1477010449550000	-1.41243	7.01507	-1.79130	-0.88952
L	-1.67463	6.80157	1477010449600000	-1.50199	6.97060	-1.76616	-0.93844
R	6.90182	1.81181	-0.51586	1477010449650000	-1.59030	6.92368	-1.73969	-0.98665
L	-1.84243	6.95514	1477010449700000	-1.67729	6.87434	-1.71190	-1.03411
R	7.17623	1.82232	-0.50050	1477010449750000	-1.76288	6.82264	-1.68282	-1.08079
L	-1.93865	6.77649	1477010449800000	-1.84702	6.76860	-1.65247	-1.12665
R	6.88796	1.84132	-0.68294	1477010449850000	-1.92965	6.71227	-1.62086	-1.17167
L	-1.93082	6.77146	1477010449900000	-2.01069	6.65368	-1.58803	-1.21579
R	7.22751	1.85673	-0.82563	1477010449950000	-2.09009	6.59289	-1.55400	-1.25900
L	-2.12943	6.54967	1477010450000000	-2.16779	6.52994	-1.51880	-1.30125
R	6.74236	1.90686	-0.76470	1477010450050000	-2.24373	6.46488	-1.48244	-1.34252
L	-2.33145	6.32548	1477010450100000	-2.31785	6.39775	-1.44497	-1.38277
R	6.60298	1.95635	-0.87403	1477010450150000	-2.39010	6.32862	-1.40640	-1.42198
L	-2.37372	6.10678	1477010450200000	-2.46042	6.25752	-1.36677	-1.46012
R	6.79087	1.94273	-0.85679	1477010450250000	-2.52876	6.18451	-1.32610	-1.49715
L	-2.54619	5.92989	1477010450300000	-2.59506	6.10965	-1.28444	-1.53304
R	6.47833	1.97718	-0.80483	1477010450350000	-2.65929	6.03300	-1.24180	-1.56778
L	-2.61306	6.04391	1477010450400000	-2.72138	5.95461	-1.19822	-1.60133
R	6.65456	2.00850	-0.91083	1477010450450000	-2.78129	5.87455	-1.15374	-1.63367
L	-2.61555	5.92448	1477010450500000	-2.83897	5.79286	-1.10838	-1.66478
R	6.39191	2.03351	-1.14699	1477010450550000	-2.89439	5.70962	-1.06218	-1.69463
L	-3.10627	5.58249	1477010450600000	-2.94750	5.62489	-1.01519	-1.72319
R	6.31436	2.05689	-1.15324	1477010450650000	-2.99826	5.53873	-0.96742	-1.75046
L	-3.32696	5.82383	1477010450700000	-3.04663	5.45121	-0.91892	-1.77640
R	6.13694	2.08910	-0.93320	1477010450750000	-3.09258	5.36239	-0.86973	-1.80099
L	-3.15205	5.24743	1477010450800000	-3.13607	5.27234	-0.81988	-1.82422
R	6.22409	2.13786	-1.23741	1477010450850000	-3.17706	5.18113	-0.76941	-1.84608
L	-3.11918	5.15622	1477010450900000	-3.21553	5.08882	-0.71836	-1.86654
R	5.98272	2.15077	-1.37948	1477010450950000	-3.25145	4.99550	-0.66676	-1.88558
L	-3.24046	5.05993	1477010451000000	-3.28479	4.90122	-0.61467	-1.90320
R	5.87801	2.17409	-1.22409	1477010451050000	-3.31552	4.80606	-0.56210	-1.91939
L	-3.41606	4.89305	1477010451100000	-3.34362	4.71009	-0.50911	-1.93412
R	5.49778	2.21762	-1.40606	1477010451150000	-3.36908	4.61338	-0.45574	-1.94738
L	-3.24337	4.51985	1477010451200000	-3.39187	4.51601	-0.40202	-1.95918
R	5.60172	2.21421	-1.63037	1477010451250000	-3.41197	4.41805	-0.34800	-1.96949
L	-3.34947	4.37714	1477010451300000	-3.42937	4.31958	-0.29371	-1.97832
R	5.51892	2.26126	-1.39413	1477010451350000	-3.44405	4.22066	-0.23920	-1.98564
L	-3.55513	4.14825	1477010451400000	-3.45601	4.12138	-0.18452	-1.99147
R	5.35330	2.26960	-1.54574	1477010451450000	-3.46524	4.02181	-0.12969	-1.99579
L	-3.58906	3.86952	1477010451500000	-3.47172	3.92202	-0.07476	-1.99860
R	5.01817	2.29403	-1.54092	1477010451550000	-3.47546	3.82209	-0.01978	-1.99990
L	-3.22630	3.82102	1477010451600000	-3.47645	3.72209	0.03522	-1.99969
R	4.90470	2.32193	-1.35832	1477010451650000	-3.47469	3.62211	0.09019	-1.99797
L	-3.53055	3.72349	1477010451700000	-3.47018	3.52221	0.14509	-1.99473
R	4.60401	2.34456	-1.49991	1477010451750000	-3.46293	3.42247	0.19989	-1.98999
L	-3.37017	3.20594	1477010451800000	-3.45293	3.32298	0.25453	-1.98374
R	4.75707	2.36809	-1.46348	1477010451850000	-3.44020	3.22379	0.30898	-1.97599
L	-3.29200	3.11283	1477010451900000	-3.42476	3.12499	0.36320	-1.96675
R	4.44203	2.38964	-1.41359	1477010451950000	-3.40660	3.02665	0.41714	-1.95602
L	-3.59994	3.01002	1477010452000000	-3.38574	2.92885	0.47076	-1.94381
R	4.37462	2.45542	-1.62954	1477010452050000	-3.36220	2.83166	0.52403	-1.93013
L	-3.14915	2.76076	1477010452100000	-3.33600	2.73515	0.57691	-1.91499
R	4.48519	2.47123	-1.66257	1477010452150000	-3.30715	2.63940	0.62934	-1.89840
L	-3.42531	2.44350	1477010452200000	-3.27569	2.54448	0.68131	-1.88038
R	3.95929	2.47937	-1.66573	1477010452250000	-3.24162	2.45047	0.73275	-1.86093
L	-3.14659	2.27067	1477010452300000	-3.20498	2.35742	0.78364	-1.84008
R	3.91613	2.49073	-1.77761	1477010452350000	-3.16580	2.26542	0.83394	-1.81784
L	-3.01856	2.05256	1477010452400000	-3.12410	2.17452	0.88361	-1.79422
R	3.81612	2.54299	-1.71471	1477010452450000	-3.07992	2.08481	0.93261	-1.76925
L	-3.02386	2.10844	1477010452500000	-3.03329	1.99635	0.98091	-1.74293
R	3.43182	2.56907	-2.15675	1477010452550000	-2.98425	1.90920	1.02846	-1.71530
L	-3.01654	1.88408	1477010452600000	-2.93282	1.82344	1.07524	-1.68638
R	3.54986	2.59499	-1.89689	1477010452650000	-2.87906	1.73912	1.12120	-1.65617
L	-2.81142	1.47246	1477010452700000	-2.82300	1.65631	1.16632	-1.62472
R	3.24882	2.61942	-1.71968	1477010452750000	-2.76469	1.57507	1.21055	-1.59203
L	-2.76976	1.59402	1477010452800000	-2.70416	1.49547	1.25387	-1.55815
R	3.10498	2.64394	-1.95400	1477010452850000	-2.64147	1.41757	1.29624	-1.52308
L	-2.86534	1.04058	1477010452900000	-2.57665	1.34141	1.33763	-1.48686
R	2.75984	2.69456	-1.92231	1477010452950000	-2.50977	1.26707	1.37800	-1.44952
L	-2.38992	1.02360	1477010453000000	-2.44087	1.19459	1.41734	-1.41108
R	2.47357	2.69949	-2.08907	1477010453050000	-2.37001	1.12404	1.45560	-1.37158
L	-2.43252	1.04158	1477010453100000	-2.29723	1.05546	1.49277	-1.33103
R	2.32103	2.72995	-1.70039	1477010453150000	-2.22259	0.98891	1.52880	-1.28948
L	-1.94947	1.08655	1477010453200000	-2.14615	0.92443	1.56368	-1.24696
R	2.46128	2.75371	-1.74125	1477010453250000	-2.06796	0.86209	1.59738	-1.20349
L	-1.71077	0.93985	1477010453300000	-1.98809	0.80191	1.62986	-1.15911
R	1.95108	2.75522	-1.84254	1477010453350000	-1.90660	0.74396	1.66112	-1.11386
L	-1.73845	0.57472	1477010453400000	-1.82355	0.68826	1.69112	-1.06776
R	1.98521	2.77277	-2.23025	1477010453450000	-1.73899	0.63487	1.71984	-1.02086
L	-1.64261	0.53483	1477010453500000	-1.65300	0.58383	1.74726	-0.97319
R	1.60162	2.83826	-2.08606	1477010453550000	-1.56563	0.53517	1.77336	-0.92477
L	-1.44122	0.28269	1477010453600000	-1.47697	0.48893	1.79811	-0.87566
R	1.54345	2.81601	-2.05114	1477010453650000	-1.38706	0.44515	1.82151	-0.82589
L	-1.23321	0.20715	1477010453700000	-1.29599	0.40386	1.84353	-0.77549
R	1.18901	2.86239	-1.99500	1477010453750000	-1.20381	0.36508	1.86416	-0.72451
L	-1.11921	0.37216	1477010453800000	-1.11060	0.32886	1.88338	-0.67298
R	0.83061	2.87699	-1.68981	1477010453850000	-1.01643	0.29521	1.90117	-0.62094
L	-0.91660	-0.10741	1477010453900000	-0.92137	0.26416	1.91752	-0.56843
R	0.83227	2.88599	-2.22959	1477010453950000	-0.82550	0.23574	1.93243	-0.51549
L	-0.58820	0.25524	1477010454000000	-0.72888	0.20996	1.94587	-0.46216
R	0.75052	2.86320	-1.99140	1477010454050000	-0.63158	0.18686	1.95784	-0.40848
L	-0.70895	0.15569	1477010454100000	-0.53369	0.16643	1.96833	-0.35449
R	0.49000	2.79219	-1.80899	1477010454150000	-0.43527	0.14871	1.97734	-0.30023
L	-0.45285	0.02445	1477010454200000	-0.33641	0.13370	1.98484	-0.24575
R	0.05745	2.68267	-1.75766	1477010454250000	-0.23717	0.12141	1.99085	-0.19108
L	0.00003	0.33724	1477010454300000	-0.13762	0.11186	1.99535	-0.13626
R	0.20938	1.94094	-0.98273	1477010454350000	-0.03786	0.10504	1.99834	-0.08135
L	0.06843	0.12007	1477010454400000	0.06206	0.10098	1.99983	-0.02637
R	0.27602	0.55754	1.81014	1477010454450000	0.16205	0.09966	1.99980	0.02863
L	0.05121	-0.05726	1477010454500000	0.26204	0.10109	1.99825	0.08361
R	0.39286	0.26995	2.12682	1477010454550000	0.36196	0.10527	1.99520	0.13852
L	0.31792	0.21884	1477010454600000	0.46172	0.11219	1.99063	0.19333
R	0.65901	0.23268	2.09084	1477010454650000	0.56125	0.12186	1.98457	0.24799
L	0.70887	0.16052	1477010454700000	0.66048	0.13426	1.97700	0.30246
R	0.47710	0.20800	1.98144	1477010454750000	0.75933	0.14938	1.96793	0.35671
L	0.81087	0.09839	1477010454800000	0.85772	0.16722	1.95738	0.41069
R	0.98766	0.18374	1.89654	1477010454850000	0.95559	0.18775	1.94535	0.46435
L	1.01106	0.15278	1477010454900000	1.05286	0.21097	1.93184	0.51767
R	1.09640	0.19266	2.04220	1477010454950000	1.14945	0.23685	1.91688	0.57059
L	1.54075	0.21320	1477010455000000	1.24529	0.26538	1.90047	0.62308
R	1.47449	0.21407	1.85459	1477010455050000	1.34032	0.29654	1.88261	0.67510
L	1.40942	0.23574	1477010455100000	1.43445	0.33029	1.86334	0.72661
R	1.48459	0.22383	1.98790	1477010455150000	1.52762	0.36662	1.84266	0.77757
L	1.50711	0.43297	1477010455200000	1.61975	0.40550	1.82058	0.82795
R	2.05685	0.28004	1.93326	1477010455250000	1.71078	0.44690	1.79712	0.87769
L	1.41251	0.55254	1477010455300000	1.80063	0.49078	1.77231	0.92678
R	2.10005	0.27655	1.68904	1477010455350000	1.88925	0.53712	1.74616	0.97516
L	1.92158	0.57211	1477010455400000	1.97656	0.58588	1.71868	1.02280
R	2.37299	0.28315	1.94637	1477010455450000	2.06249	0.63702	1.68991	1.06967
L	2.10346	0.78848	1477010455500000	2.14699	0.69051	1.65986	1.11574
R	2.09412	0.31108	1.96043	1477010455550000	2.22998	0.74629	1.62855	1.16095
L	2.26622	0.84984	1477010455600000	2.31141	0.80434	1.59601	1.20530
R	2.38827	0.32748	2.00910	1477010455650000	2.39121	0.86460	1.56227	1.24872
L	2.53381	0.83477	1477010455700000	2.46932	0.92704	1.52734	1.29121
R	2.57364	0.39871	2.29663	1477010455750000	2.54569	0.99160	1.49126	1.33272
L	2.62008	0.97585	1477010455800000	2.62025	1.05824	1.45405	1.37322
R	3.14745	0.41082	1.96015	1477010455850000	2.69295	1.12690	1.41574	1.41268
L	2.78903	1.18552	1477010455900000	2.76374	1.19753	1.37637	1.45107
R	2.99279	0.40561	2.04389	1477010455950000	2.83256	1.27009	1.33595	1.48837
L	2.88514	1.35400	1477010456000000	2.89936	1.34450	1.29452	1.52454
R	3.46419	0.41671	1.79906	1477010456050000	2.96408	1.42073	1.25211	1.55956
L	3.04126	1.37010	1477010456100000	3.02669	1.49871	1.20875	1.59340
R	3.45237	0.46604	1.67468	1477010456150000	3.08713	1.57838	1.16448	1.62603
L	3.32234	1.64596	1477010456200000	3.14535	1.65968	1.11933	1.65744
R	3.82582	0.49877	1.84886	1477010456250000	3.20132	1.74255	1.07333	1.68759
L	3.57274	1.81398	1477010456300000	3.25498	1.82693	1.02652	1.71646
R	3.63037	0.52004	1.61257	1477010456350000	3.30631	1.91276	0.97894	1.74404
L	3.31469	2.08376	1477010456400000	3.35526	1.99996	0.93061	1.77030
R	4.26695	0.55960	1.40169	1477010456450000	3.40179	2.08847	0.88159	1.79522
L	3.21293	2.24297	1477010456500000	3.44587	2.17823	0.83189	1.81878
R	4.14349	0.57973	1.87817	1477010456550000	3.48746	2.26917	0.78157	1.84097
L	3.70130	2.43417	1477010456600000	3.52654	2.36122	0.73065	1.86176
R	4.44518	0.59319	1.81389	1477010456650000	3.56307	2.45431	0.67918	1.88115
L	3.61501	2.39712	1477010456700000	3.59703	2.54837	0.62720	1.89911
R	4.54033	0.63057	1.58330	1477010456750000	3.62839	2.64332	0.57474	1.91564
L	3.74232	2.69340	1477010456800000	3.65713	2.73910	0.52185	1.93072
R	4.51585	0.64817	1.47870	1477010456850000	3.68322	2.83564	0.46857	1.94434
L	3.55486	2.87402	1477010456900000	3.70665	2.93286	0.41493	1.95649
R	4.67175	0.67469	1.41647	1477010456950000	3.72740	3.03068	0.36097	1.96715
L	3.77137	3.07273	1477010457000000	3.74544	3.12904	0.30675	1.97634
R	4.91079	0.72225	1.51683	1477010457050000	3.76078	3.22785	0.25229	1.98402
L	3.53491	3.30275	1477010457100000	3.77340	3.32706	0.19764	1.99021
R	5.03885	0.74330	1.47569	1477010457150000	3.78328	3.42657	0.14284	1.99489
L	3.65093	3.63357	1477010457200000	3.79042	3.52631	0.08793	1.99807
R	5.49957	0.77600	1.46555	1477010457250000	3.79482	3.62621	0.03296	1.99973
L	3.75987	3.87422	1477010457300000	3.79646	3.72620	-0.02204	1.99988
R	5.58083	0.80408	1.39710	1477010457350000	3.79536	3.82619	-0.07702	1.99852
L	3.84050	3.87470	1477010457400000	3.79151	3.92612	-0.13194	1.99564
R	5.40247	0.81696	1.20406	1477010457450000	3.78491	4.02590	-0.18676	1.99126
L	4.00341	4.10977	1477010457500000	3.77558	4.12547	-0.24145	1.98537
R	5.75759	0.84811	1.06281	1477010457550000	3.76350	4.22473	-0.29595	1.97798
L	3.94885	4.14826	1477010457600000	3.74871	4.32363	-0.35022	1.96910
R	5.75459	0.86806	1.41119	1477010457650000	3.73120	4.42209	-0.40423	1.95872
L	3.66586	4.47332	1477010457700000	3.71098	4.52002	-0.45794	1.94687
R	5.62366	0.89765	1.00815	1477010457750000	3.68809	4.61737	-0.51130	1.93354
L	3.69273	4.71753	1477010457800000	3.66252	4.71405	-0.56427	1.91875
R	6.23007	0.92622	1.06006	1477010457850000	3.63431	4.80998	-0.61681	1.90251
L	3.59164	4.93716	1477010457900000	3.60347	4.90511	-0.66889	1.88483
R	6.11516	0.94744	1.36703	1477010457950000	3.57002	4.99935	-0.72047	1.86572
L	3.63849	5.14774	1477010458000000	3.53400	5.09264	-0.77150	1.84521
R	6.23890	0.94030	1.15320	1477010458050000	3.49543	5.18490	-0.82194	1.82330
L	3.57904	5.04735	1477010458100000	3.45433	5.27606	-0.87176	1.80001
R	6.18469	1.04002	1.02293	1477010458150000	3.41074	5.36606	-0.92093	1.77536
L	3.32366	5.55628	1477010458200000	3.36469	5.45483	-0.96940	1.74936
R	6.39180	1.03349	0.72113	1477010458250000	3.31622	5.54230	-1.01713	1.72205
L	3.49470	5.63788	1477010458300000	3.26537	5.62840	-1.06410	1.69343
R	6.56372	1.08239	1.06993	1477010458350000	3.21216	5.71307	-1.11026	1.66353
L	3.11266	5.96137	1477010458400000	3.15665	5.79625	-1.15558	1.63237
R	6.51768	1.08945	0.88717	1477010458450000	3.09887	5.87787	-1.20003	1.59998
L	3.13800	5.89434	1477010458500000	3.03887	5.95786	-1.24357	1.56638
R	6.97525	1.09524	0.96774	1477010458550000	2.97669	6.03618	-1.28617	1.53159
L	2.83844	6.07185	1477010458600000	2.91238	6.11276	-1.32779	1.49565
R	6.83309	1.13139	1.06325	1477010458650000	2.84599	6.18755	-1.36842	1.45857
L	2.77533	6.36552	1477010458700000	2.77757	6.26047	-1.40801	1.42039
R	6.59343	1.15188	0.87037	1477010458750000	2.70717	6.33149	-1.44653	1.38114
L	2.40962	6.28480	1477010458800000	2.63485	6.40055	-1.48396	1.34084
R	6.76384	1.17786	0.47173	1477010458850000	2.56065	6.46759	-1.52027	1.29953
L	2.32998	6.64063	1477010458900000	2.48463	6.53257	-1.55542	1.25724
R	7.16437	1.18543	0.75844	1477010458950000	2.40686	6.59543	-1.58941	1.21400
L	2.32911	6.78751	1477010459000000	2.32739	6.65613	-1.62219	1.16983
R	7.22249	1.23384	0.49798	1477010459050000	2.24628	6.71462	-1.65374	1.12479
L	2.09076	6.96484	1477010459100000	2.16360	6.77086	-1.68404	1.07889
R	7.26107	1.28521	0.48084	1477010459150000	2.07939	6.82481	-1.71307	1.03218
L	2.06168	6.82035	1477010459200000	1.99374	6.87642	-1.74080	0.98468
R	7.24931	1.31751	0.46820	1477010459250000	1.90670	6.92565	-1.76722	0.93644
L	2.00798	6.91827	1477010459300000	1.81834	6.97247	-1.79230	0.88750
R	7.36228	1.33739	0.24095	1477010459350000	1.72872	7.01685	-1.81603	0.83788
L	1.55664	6.98945	1477010459400000	1.63792	7.05874	-1.83838	0.78763
R	7.40884	1.37394	0.16958	1477010459450000	1.54600	7.09812	-1.85934	0.73678
L	1.49515	7.42301	1477010459500000	1.45304	7.13496	-1.87890	0.68538
R	7.45441	1.40084	0.17936	1477010459550000	1.35909	7.16923	-1.89703	0.63346
L	1.13497	7.36458	1477010459600000	1.26424	7.20090	-1.91373	0.58105
R	7.28675	1.41160	0.33061	1477010459650000	1.16855	7.22996	-1.92899	0.52821
L	0.94570	6.93661	1477010459700000	1.07210	7.25637	-1.94278	0.47497
R	7.54461	1.42604	0.19186	1477010459750000	0.97496	7.28012	-1.95511	0.42137
L	0.96667	7.28427	1477010459800000	0.87721	7.30118	-1.96595	0.36746
R	7.23485	1.47028	-0.09318	1477010459850000	0.77891	7.31956	-1.97531	0.31326
L	0.55508	7.37278	1477010459900000	0.68015	7.33522	-1.98318	0.25883
R	7.22244	1.49755	-0.04131	1477010459950000	0.58099	7.34816	-1.98955	0.20420
L	0.49088	7.37868	1477010460000000	0.48151	7.35837	-1.99441	0.14942
R	7.24696	1.51644	-0.14321	1477010460050000	0.38179	7.36584	-1.99777	0.09452
L	0.37072	7.26820	1477010460100000	0.28190	7.37057	-1.99961	0.03955
R	7.32607	1.57056	-0.12114	1477010460150000	0.18192	7.37255	-1.99994	-0.01544
L	0.27003	6.98019	1477010460200000	0.08192	7.37177	-1.99876	-0.07043
R	7.36263	1.62035	-0.08281	1477010460250000	-0.01801	7.36825	-1.99607	-0.12536
L	-0.04474	7.40610	1477010460300000	-0.11782	7.36198	-1.99187	-0.18020
R	7.22207	1.63418	-0.07945	1477010460350000	-0.21741	7.35297	-1.98616	-0.23490
L	-0.25074	7.49669	1477010460400000	-0.31672	7.34123	-1.97895	-0.28942
R	7.43943	1.63519	-0.23504	1477010460450000	-0.41567	7.32676	-1.97024	-0.34373
L	-0.46740	7.40701	1477010460500000	-0.51418	7.30957	-1.96004	-0.39777
R	7.33617	1.66073	-0.40179	1477010460550000	-0.61218	7.28968	-1.94837	-0.45152
L	-0.81385	7.00906	1477010460600000	-0.70960	7.26711	-1.93521	-0.50492
R	7.14245	1.66579	-0.32490	1477010460650000	-0.80636	7.24186	-1.92060	-0.55794
L	-0.95805	7.32146	1477010460700000	-0.90239	7.21396	-1.90453	-0.61054
R	7.09823	1.67740	-0.57261	1477010460750000	-0.99762	7.18344	-1.88702	-0.66268
L	-1.00494	7.23831	1477010460800000	-1.09197	7.15030	-1.86809	-0.71431
R	7.13200	1.73990	-0.53816	1477010460850000	-1.18537	7.11459	-1.84774	-0.76541
L	-1.01493	6.98154	1477010460900000	-1.27776	7.07632	-1.82600	-0.81593
R	7.00281	1.76162	-0.36432	1477010460950000	-1.36906	7.03552	-1.80287	-0.86583
L	-1.32363	7.17230	1477010461000000	-1.45920	6.99223	-1.77838	-0.91507
R	7.06039	1.79918	-0.70968	1477010461050000	-1.54812	6.94648	-1.75255	-0.96363
L	-1.82145	6.74590	1477010461100000	-1.63575	6.89830	-1.72539	-1.01145
R	7.01462	1.82817	-0.61750	1477010461150000	-1.72202	6.84772	-1.69693	-1.05851
L	-1.95783	6.81537	1477010461200000	-1.80686	6.79480	-1.66718	-1.10477
R	6.90482	1.82580	-0.97218	1477010461250000	-1.89022	6.73956	-1.63617	-1.15019
L	-2.04205	6.59260	1477010461300000	-1.97203	6.68205	-1.60393	-1.19475
R	7.15617	1.90061	-0.81121	1477010461350000	-2.05223	6.62231	-1.57047	-1.23840
L	-2.06643	6.61070	1477010461400000	-2.13075	6.56039	-1.53582	-1.28111
R	6.82260	1.88423	-0.72594	1477010461450000	-2.20754	6.49634	-1.50002	-1.32286
L	-2.25996	6.52488	1477010461500000	-2.28254	6.43019	-1.46308	-1.36360
R	6.71150	1.91620	-0.74671	1477010461550000	-2.35570	6.36201	-1.42503	-1.40332
L	-2.77418	6.34584	1477010461600000	-2.42695	6.29185	-1.38590	-1.44197
R	6.42054	1.93281	-0.86515	1477010461650000	-2.49624	6.21975	-1.34573	-1.47953
L	-2.87333	5.99570	1477010461700000	-2.56353	6.14577	-1.30454	-1.51597
R	6.58006	1.98414	-1.11729	1477010461750000	-2.62876	6.06997	-1.26236	-1.55127
L	-2.66234	5.96060	1477010461800000	-2.69188	5.99241	-1.21923	-1.58540
R	6.17105	1.99829	-1.12863	1477010461850000	-2.75284	5.91314	-1.17518	-1.61832
L	-2.95144	5.82447	1477010461900000	-2.81160	5.83222	-1.13023	-1.65002
R	6.32700	2.02934	-0.86924	1477010461950000	-2.86811	5.74972	-1.08444	-1.68048
L	-2.88239	5.81577	1477010462000000	-2.92233	5.66570	-1.03782	-1.70966
R	6.08803	2.05601	-1.15132	1477010462050000	-2.97422	5.58022	-0.99042	-1.73755
L	-2.83241	5.34406	1477010462100000	-3.02374	5.49334	-0.94227	-1.76412
R	6.11783	2.08555	-1.12839	1477010462150000	-3.07085	5.40513	-0.89340	-1.78937
L	-3.13497	5.17672	1477010462200000	-3.11552	5.31566	-0.84386	-1.81326
R	5.98354	2.11598	-1.09618	1477010462250000	-3.15772	5.22500	-0.79368	-1.83577
L	-3.26845	5.05913	1477010462300000	-3.19740	5.13321	-0.74291	-1.85690
R	5.61985	2.14130	-0.94250	1477010462350000	-3.23455	5.04037	-0.69157	-1.87663
L	-3.29627	5.10102	1477010462400000	-3.26913	4.94654	-0.63971	-1.89493
R	5.97281	2.16165	-1.41005	1477010462450000	-3.30111	4.85179	-0.58736	-1.91181
L	-3.20147	4.84545	1477010462500000	-3.33048	4.75620	-0.53457	-1.92724
R	5.66601	2.20384	-1.26642	1477010462550000	-3.35721	4.65984	-0.48138	-1.94121
L	-3.54675	4.47939	1477010462600000	-3.38128	4.56278	-0.42782	-1.95371
R	5.37880	2.20158	-1.38469	1477010462650000	-3.40267	4.46509	-0.37393	-1.96473
L	-3.68177	4.39572	1477010462700000	-3.42136	4.36686	-0.31977	-1.97427
R	5.33369	2.25099	-1.33019	1477010462750000	-3.43735	4.26814	-0.26536	-1.98232
L	-3.40673	4.39594	1477010462800000	-3.45062	4.16903	-0.21076	-1.98886
R	5.18735	2.26024	-1.56697	1477010462850000	-3.46116	4.06958	-0.15599	-1.99391
L	-3.63679	4.07279	1477010462900000	-3.46896	3.96989	-0.10111	-1.99744
R	5.37842	2.29433	-1.60942	1477010462950000	-3.47401	3.87001	-0.04614	-1.99947
L	-3.60024	3.66609	1477010463000000	-3.47632	3.77004	0.00885	-1.99998
R	5.21864	2.34508	-1.48653	1477010463050000	-3.47588	3.67004	0.06384	-1.99898
L	-3.52403	3.32445	1477010463100000	-3.47269	3.57009	0.11878	-1.99647
R	4.67752	2.36125	-1.53233	1477010463150000	-3.46675	3.47027	0.17363	-1.99245
L	-3.26855	3.20426	1477010463200000	-3.45806	3.37065	0.22835	-1.98692
R	4.51860	2.38923	-1.50791	1477010463250000	-3.44665	3.27130	0.28290	-1.97989
L	-3.51942	3.37255	1477010463300000	-3.43250	3.17231	0.33723	-1.97136
R	4.88677	2.40377	-1.56884	1477010463350000	-3.41564	3.07374	0.39131	-1.96135
L	-3.47477	3.16632	1477010463400000	-3.39608	2.97567	0.44509	-1.94984
R	4.48712	2.42759	-1.54689	1477010463450000	-3.37382	2.87818	0.49854	-1.93687
L	-3.27905	2.76051	1477010463500000	-3.34889	2.78134	0.55161	-1.92243
R	3.80613	2.48228	-1.67151	1477010463550000	-3.32131	2.68521	0.60426	-1.90653
L	-3.29461	2.63574	1477010463600000	-3.29110	2.58989	0.65645	-1.88920
R	4.13344	2.48541	-1.52538	1477010463650000	-3.25828	2.49543	0.70815	-1.87043
L	-3.29922	2.13139	1477010463700000	-3.22287	2.40191	0.75931	-1.85025
R	3.70555	2.52267	-1.82832	1477010463750000	-3.18490	2.30939	0.80990	-1.82868
L	-3.10082	2.31851	1477010463800000	-3.14441	2.21796	0.85988	-1.80572
R	3.83166	2.55961	-1.82318	1477010463850000	-3.10142	2.12767	0.90920	-1.78139
L	-2.88824	2.27034	1477010463900000	-3.05595	2.03860	0.95784	-1.75572
R	3.74021	2.59159	-1.72623	1477010463950000	-3.00806	1.95082	1.00576	-1.72871
L	-2.98075	1.86614	1477010464000000	-2.95777	1.86438	1.05291	-1.70041
R	3.51147	2.60091	-1.91538	1477010464050000	-2.90513	1.77936	1.09927	-1.67081
L	-2.90344	1.69106	1477010464100000	-2.85017	1.69582	1.14479	-1.63995
R	3.36070	2.61421	-1.93506	1477010464150000	-2.79293	1.61382	1.18945	-1.60786
L	-2.63256	1.57719	1477010464200000	-2.73345	1.53343	1.23321	-1.57454
R	2.82903	2.65074	-1.78602	1477010464250000	-2.67179	1.45470	1.27604	-1.54004
L	-2.51575	1.51010	1477010464300000	-2.60799	1.37770	1.31791	-1.50437
R	2.99021	2.69118	-1.87623	1477010464350000	-2.54210	1.30248	1.35877	-1.46756
L	-2.53838	1.20856	1477010464400000	-2.47416	1.22911	1.39861	-1.42965
R	2.70805	2.68314	-1.94782	1477010464450000	-2.40423	1.15762	1.43739	-1.39065
L	-2.46112	1.15973	1477010464500000	-2.33236	1.08809	1.47509	-1.35060
R	2.41393	2.72841	-2.11692	1477010464550000	-2.25860	1.02056	1.51167	-1.30953
L	-2.12356	1.14553	1477010464600000	-2.18302	0.95509	1.54710	-1.26747
R	2.30491	2.74069	-1.66911	1477010464650000	-2.10566	0.89171	1.58137	-1.22445
L	-2.17717	0.77135	1477010464700000	-2.02660	0.83049	1.61444	-1.18050
R	2.16888	2.77621	-2.14420	1477010464750000	-1.94587	0.77146	1.64629	-1.13567
L	-1.97613	0.67294	1477010464800000	-1.86356	0.71468	1.67689	-1.08997
R	2.10324	2.80318	-1.77331	1477010464850000	-1.77971	0.66018	1.70623	-1.04345
L	-1.84214	0.68544	1477010464900000	-1.69440	0.60801	1.73427	-0.99614
R	1.72401	2.80914	-1.76203	1477010464950000	-1.60769	0.55820	1.76101	-0.94808
L	-1.74240	0.44253	1477010465000000	-1.51964	0.51080	1.78641	-0.89929
R	1.38481	2.81596	-2.06724	1477010465050000	-1.43032	0.46583	1.81046	-0.84983
L	-1.45672	0.30834	1477010465100000	-1.33980	0.42334	1.83315	-0.79973
R	1.36523	2.83135	-2.12557	1477010465150000	-1.24814	0.38336	1.85444	-0.74902
L	-1.23720	0.51437	1477010465200000	-1.15542	0.34591	1.87434	-0.69775
R	1.20654	2.83064	-1.74509	1477010465250000	-1.06170	0.31102	1.89282	-0.64595
L	-1.16011	0.60315	1477010465300000	-0.96706	0.27872	1.90986	-0.59366
R	0.68748	2.87324	-1.98882	1477010465350000	-0.87156	0.24904	1.92546	-0.54092
L	-0.90504	0.24716	1477010465400000	-0.77529	0.22199	1.93961	-0.48777
R	0.80147	2.85298	-1.99613	1477010465450000	-0.67831	0.19760	1.95229	-0.43425
L	-0.57552	0.19515	1477010465500000	-0.58070	0.17589	1.96349	-0.38041
R	0.71803	2.80818	-2.04489	1477010465550000	-0.48252	0.15687	1.97321	-0.32628
L	-0.33853	0.23082	1477010465600000	-0.38386	0.14056	1.98143	-0.27190
R	0.52686	2.72886	-2.01986	1477010465650000	-0.28479	0.12696	1.98816	-0.21731
L	-0.09627	0.02926	1477010465700000	-0.18538	0.11610	1.99338	-0.16256
R	0.14475	2.26224	-1.37109	1477010465750000	-0.08571	0.10797	1.99710	-0.10769
L	0.14796	0.20511	1477010465800000	0.01414	0.10258	1.99930	-0.05274
R	0.10015	0.70248	1.50724	1477010465850000	0.11411	0.09995	2.00000	0.00226
L	0.00236	0.02045	1477010465900000	0.21411	0.10006	1.99918	0.05725
R	0.34886	0.29621	2.05922	1477010465950000	0.31407	0.10292	1.99685	0.11220
L	0.51525	0.15855	1477010466000000	0.41391	0.10853	1.99301	0.16706
R	0.73315	0.21692	1.96540	1477010466050000	0.51356	0.11688	1.98766	0.22180
L	0.41047	0.07616	1477010466100000	0.61294	0.12797	1.98081	0.27637
R	0.69487	0.15972	2.18835	1477010466150000	0.71198	0.14179	1.97246	0.33073
L	0.96384	0.17345	1477010466200000	0.81061	0.15833	1.96262	0.38484
R	0.81744	0.19892	1.76555	1477010466250000	0.90874	0.17757	1.95130	0.43866
L	0.78037	0.10892	1477010466300000	1.00630	0.19951	1.93850	0.49215
R	1.19003	0.19952	1.91152	1477010466350000	1.10323	0.22411	1.92424	0.54527
L	1.22499	0.16747	1477010466400000	1.19944	0.25138	1.90852	0.59797
R	1.35695	0.19833	2.15979	1477010466450000	1.29486	0.28127	1.89135	0.65022
L	1.61223	0.15634	1477010466500000	1.38943	0.31379	1.87276	0.70198
R	1.48689	0.23114	1.83951	1477010466550000	1.48307	0.34888	1.85275	0.75321
L	1.61765	0.45829	1477010466600000	1.57571	0.38655	1.83134	0.80387
R	1.59324	0.21750	1.76260	1477010466650000	1.66727	0.42674	1.80854	0.85392
L	1.70700	0.52967	1477010466700000	1.75770	0.46944	1.78438	0.90333
R	1.73659	0.25705	1.77883	1477010466750000	1.84692	0.51460	1.75886	0.95205
L	2.27147	0.79360	1477010466800000	1.93486	0.56220	1.73202	1.00005
R	1.96421	0.27681	1.96485	1477010466850000	2.02146	0.61221	1.70387	1.04730
L	2.30058	0.67597	1477010466900000	2.10666	0.66457	1.67443	1.09375
R	2.22404	0.29974	1.99502	1477010466950000	2.19038	0.71926	1.64372	1.13938
L	2.36773	0.44489	1477010467000000	2.27256	0.77623	1.61177	1.18415
R	2.58876	0.33623	1.95716	1477010467050000	2.35315	0.83544	1.57860	1.22802
L	2.46477	1.05196	1477010467100000	2.43208	0.89684	1.54424	1.27096
R	2.64412	0.36055	2.00423	1477010467150000	2.50929	0.96038	1.50870	1.31294
L	2.59696	0.95373	1477010467200000	2.58473	1.02603	1.47203	1.35393
R	2.71058	0.39709	1.93916	1477010467250000	2.65833	1.09373	1.43425	1.39389
L	2.69052	1.33354	1477010467300000	2.73004	1.16342	1.39538	1.43280
R	2.98301	0.44128	1.88326	1477010467350000	2.79981	1.23506	1.35545	1.47063
L	3.19150	1.40569	1477010467400000	2.86759	1.30859	1.31450	1.50734
R	3.25114	0.44162	1.72926	1477010467450000	2.93331	1.38396	1.27256	1.54292
L	2.79241	1.63988	1477010467500000	2.99694	1.46111	1.22965	1.57732
R	3.41952	0.44537	1.89096	1477010467550000	3.05842	1.53997	1.18582	1.61054
L	3.28600	1.64048	1477010467600000	3.11771	1.62050	1.14109	1.64254
R	3.65222	0.46769	1.65407	1477010467650000	3.17477	1.70263	1.09549	1.67329
L	3.43385	1.91421	1477010467700000	3.22954	1.78629	1.04907	1.70278
R	4.04343	0.50587	1.67182	1477010467750000	3.28199	1.87143	1.00185	1.73098
L	3.25763	2.07464	1477010467800000	3.33209	1.95798	0.95387	1.75787
R	3.99316	0.53219	1.69331	1477010467850000	3.37978	2.04587	0.90518	1.78344
L	3.44225	2.12927	1477010467900000	3.42504	2.13504	0.85580	1.80765
R	4.04905	0.57991	1.72362	1477010467950000	3.46783	2.22543	0.80577	1.83050
