0.11	0.1	2.0	0.0	0.55	2.0	0.0	1477010443000000.0
0.21000000000000002	0.1	2.0	0.027500000000000004	0.55	1.9992437976583037	0.0549930679704559	1477010443050000.0
0.30992439406187994	0.10007560593812008	2.0	0.05500000000000001	0.55	1.996975762475197	0.10994455005413548	1477010443100000.0
0.4096221989597148	0.10037780104028524	2.0	0.08250000000000002	0.55	1.9931976095441954	0.1648128918116074	1477010443150000.0
0.5089431167270322	0.10105688327296786	2.0	0.11000000000000001	0.55	1.9879121959133936	0.21955660167434965	1477010443200000.0
0.6077379891935625	0.10226201080643758	2.0	0.1375	0.55	1.9811235184249558	0.27413428232077086	1477010443250000.0
0.7058592490749744	0.10414075092502569	2.0	0.165	0.55	1.9728367106926954	0.32850466198096195	1477010443300000.0
0.8031613662513938	0.10683863374860633	2.0	0.1925	0.55	1.963058039220025	0.3826266256465049	1477010443350000.0
0.899501287885053	0.11049871211494709	2.0	0.22	0.55	1.951794898661211	0.43645924616173865	1477010443400000.0
0.9947388710460512	0.11526112895394892	2.0	0.2475	0.55	1.9390558062295187	0.48996181517296994	1477010443450000.0
1.0887373065378614	0.12126269346213872	2.0	0.275	0.55	1.924850395256476	0.5430938739122257	1477010443500000.0
1.1813635326408367	0.12863646735916343	2.0	0.30250000000000005	0.55	1.9091894079071254	0.5958152437922682	1477010443550000.0
1.2724886375224558	0.13751136247754442	2.0	0.33000000000000007	0.55	1.8920846870567738	0.6480860567897369	1477010443600000.0
1.361988249097324	0.14801175090267618	2.0	0.3575000000000001	0.55	1.8735491673353826	0.6998667855934403	1477010443650000.0
1.4497429111579017	0.16025708884209855	2.0	0.3850000000000001	0.55	1.8535968653463692	0.7511182734950027	1477010443700000.0
1.5356384446384488	0.1743615553615514	2.0	0.41250000000000014	0.55	1.8322428690672203	0.8018017639992573	1477010443750000.0
1.6195662929196408	0.19043370708035942	2.0	0.44000000000000017	0.55	1.8095033264399267	0.8518789301319996	1477010443800000.0
1.7014238501295698	0.20857614987043044	2.0	0.4675000000000002	0.55	1.785395433159872	0.9013119034229343	1477010443850000.0
1.781114771448273	0.22888522855172727	2.0	0.4950000000000002	0.55	1.7599374196724082	0.950063302541902	1477010443900000.0
1.8585492644773522	0.2514507355226479	2.0	0.5225000000000002	0.55	1.7331485373869495	0.9980962615667278	1477010443950000.0
1.9336443607935152	0.27635563920648487	2.0	0.5500000000000002	0.55	1.7050490441190114	1.0453744578613187	1477010444000000.0
2.006324166864794	0.303675833135206	2.0	0.5775000000000001	0.55	1.6756601887712035	1.0918621395429253	1477010444050000.0
2.076520093570613	0.3334799064293874	2.0	0.6050000000000001	0.55	1.6450041952647598	1.1375241525178001	1477010444100000.0
2.1441710636315796	0.3658289363684209	2.0	0.6325000000000001	0.55	1.613104245733757	1.1823259670648052	1477010444150000.0
2.2092236963216862	0.40077630367831407	2.0	0.66	0.55	1.5799844629947302	1.2262337039468676	1477010444200000.0
2.271632468904305	0.43836753109569543	2.0	0.6875	0.55	1.545669892304943	1.2692141600305387	1477010444250000.0
2.3313598543037544	0.4786401456962461	2.0	0.715	0.55	1.5101864824231057	1.3112348333942805	1477010444300000.0
2.388376434596091	0.5216235654039092	2.0	0.7424999999999999	0.55	1.473561065986862	1.352263947906496	1477010444350000.0
2.4426609899758995	0.5673390100241007	2.0	0.7699999999999999	0.55	1.4358213392218868	1.3922704772547134	1477010444400000.0
2.494200562930023	0.6157994370699774	2.0	0.7974999999999999	0.55	1.3969958409979346	1.4312241684077562	1477010444450000.0
2.542990497424161	0.6670095025758392	2.0	0.8249999999999998	0.55	1.35711393124768	1.469095564493157	1477010444500000.0
2.5890344529838245	0.7209655470161759	2.0	0.8524999999999998	0.55	1.3162057687646673	1.5058560270725123	1477010444550000.0
2.632344393627059	0.7776556063729412	2.0	0.8799999999999998	0.55	1.2743022883971606	1.5414777577979384	1477010444600000.0
2.6729405516824154	0.8370594483175852	2.0	0.9074999999999998	0.55	1.2314351776551395	1.5759338194332448	1477010444650000.0
2.710851366601579	0.8991486333984215	2.0	0.9349999999999997	0.55	1.1876368527481282	1.6091981562239377	1477010444700000.0
2.7461133989517164	0.9638866010482846	2.0	0.9624999999999997	0.55	1.1429404340719842	1.6412456136006408	1477010444750000.0
2.778771219847633	1.0312287801523683	2.0	0.9899999999999997	0.55	1.0973797211631757	1.6720519572010406	1477010444800000.0
2.808877276158137	1.1011227238418642	2.0	1.0174999999999996	0.55	1.0509891671394938	1.7015938911959674	1477010444850000.0
2.836491731894251	1.17350826810575	2.0	1.0449999999999997	0.55	1.0038038526465234	1.7298490759057557	1477010444900000.0
2.8616822862589513	1.24831771374105	2.0	1.0724999999999998	0.55	0.9558594593295779	1.7567961446935632	1477010444950000.0
2.884523968908697	1.325476031091304	2.0	1.0999999999999999	0.55	0.907192242851155	1.7824147201228706	1477010445000000.0
2.9050989130459297	1.4049010869540715	2.0	1.1275	0.55	0.8578390054743195	1.8066854293669472	1477010445050000.0
2.923496107028759	1.4865038929712422	2.0	1.155	0.55	0.8078370682327459	1.8295899188586282	1477010445100000.0
2.939811125249031	1.5701888747509702	2.0	1.1825	0.55	0.7572242427084658	1.8511108681693247	1477010445150000.0
2.954145839092666	1.655854160907335	2.0	1.2100000000000002	0.55	0.7060388024386604	1.871232003106772	1477010445200000.0
2.9666081088563914	1.7433918911436095	2.0	1.2375000000000003	0.55	0.6543194539731224	1.889938108021613	1477010445250000.0
2.9773114575525836	1.8326885424474173	2.0	1.2650000000000003	0.55	0.6021053076042726	1.9072150373135075	1477010445300000.0
2.9863747275887147	1.9236252724112863	2.0	1.2925000000000004	0.55	0.5494358477918648	1.9230497261280672	1477010445350000.0
2.993921721359684	2.0160782786403173	2.0	1.3200000000000005	0.55	0.49635090330474496	1.9374302002365307	1477010445400000.0
3.00008082683997	2.1099191731600313	2.0	1.3475000000000006	0.55	0.442890617102243	1.9503455850907023	1477010445450000.0
3.0049846293079	2.205015370692101	2.0	1.3750000000000007	0.55	0.38909541597797304	1.9617861140463118	1477010445500000.0
3.008769510376277	2.301230489623724	2.0	1.4025000000000007	0.55	0.33500597998899734	1.971743135748572	1477010445550000.0
3.0115752355419865	2.3984247644580146	2.0	1.4300000000000008	0.55	0.2806632116934717	1.9802091206743557	1477010445600000.0
3.013544531501939	2.496455468498062	2.0	1.457500000000001	0.55	0.22610820522003547	1.9871776668260375	1477010445650000.0
3.0148226545136345	2.5951773454863667	2.0	1.485000000000001	0.55	0.17138221519233512	1.9926435045726991	1477010445700000.0
3.0155569511057405	2.694443048894261	2.0	1.512500000000001	0.55	0.11652662553218128	1.996602500635037	1477010445750000.0
3.0158964124671885	2.794103587532813	2.0	1.5400000000000011	0.55	0.06158291816493002	1.9990516612109581	1477010445800000.0
3.0159912238624313	2.89400877613757	2.0	1.5675000000000012	0.55	0.006592641650753969	1.9999891342395	1477010445850000.0
3.0159923104355295	2.9940076895644716	2.0	1.5950000000000013	0.55	-0.04840262023447635	1.999414210801363	1477010445900000.0
3.0160508807766684	3.0939491192233324	2.0	1.6225000000000014	0.55	-0.10336127994494113	1.9973273256549973	1477010445950000.0
3.016317969631465	3.193682030368536	2.0	1.6500000000000015	0.55	-0.15824177761347083	1.9937300569078376	1477010446000000.0
3.0169439811360217	3.2930560188639793	2.0	1.6775000000000015	0.55	-0.21300261247921504	1.9886251248229339	1477010446050000.0
3.018078233959096	3.391921766040905	2.0	1.7050000000000016	0.55	-0.26760237427061506	1.9820163897618832	1477010446100000.0
3.0198685097269777	3.490131490273023	2.0	1.7325000000000017	0.55	-0.3219997745199482	1.9739088492656145	1477010446150000.0
3.0224606060967503	3.5875393939032505	2.0	1.7600000000000018	0.55	-0.3761536777857637	1.9643086342752363	1477010446200000.0
3.025997895829544	3.6840021041704567	2.0	1.7875000000000019	0.55	-0.43002313275959997	1.953223004495805	1477010446250000.0
3.030620893197254	3.779379106802747	2.0	1.815000000000002	0.55	-0.4835674032334599	1.9406603429065192	1477010446300000.0
3.0364668290340027	3.8735331709659984	2.0	1.842500000000002	0.55	-0.5367459989046267	1.9266301494214904	1477010446350000.0
3.043669235717506	3.966330764282495	2.0	1.870000000000002	0.55	-0.5895187059945258	1.9111430337058866	1477010446400000.0
3.0523575433354426	4.057642456664559	2.0	1.8975000000000022	0.55	-0.6418456176584781	1.8942107071528782	1477010446450000.0
3.0626566882581274	4.147343311741874	2.0	1.9250000000000023	0.55	-0.6936871641633496	1.8758459740274547	1477010446500000.0
3.074686735301252	4.23531326469875	2.0	1.9525000000000023	0.55	-0.7450041428102763	1.8560627217838102	1477010446550000.0
3.088562514621364	4.321437485378638	2.0	1.9800000000000024	0.55	-0.7957577475798364	1.8348759105636177	1477010446600000.0
3.1043932744421974	4.405606725557805	2.0	2.0075000000000025	0.55	-0.8459095984772538	1.8123015618831353	1477010446650000.0
3.122282350662096	4.487717649337906	2.0	2.0350000000000024	0.55	-0.8954217705554389	1.788356746517697	1477010446700000.0
3.1423268543417118	4.56767314565829	2.0	2.062500000000002	0.55	-0.9442568225939243	1.7630595715927542	1477010446750000.0
3.164617378017091	4.645382621982911	2.0	2.090000000000002	0.55	-0.9923778254120016	1.736429166891223	1477010446800000.0
3.1892377217263275	4.720762278273675	2.0	2.117500000000002	0.55	-1.039748389794655	1.708485670387499	1477010446850000.0
3.216264639578342	4.79373536042166	2.0	2.145000000000002	0.55	-1.0863326940101707	1.6792502130190738	1477010446900000.0
3.245767607630227	4.864232392369775	2.0	2.1725000000000017	0.55	-1.132095510898615	1.6487449027072696	1477010446950000.0
3.277808613775147	4.932191386224855	2.0	2.2000000000000015	0.55	-1.1770022345106939	1.6169928076391786	1477010447000000.0
3.312441970276226	4.997558029723776	2.0	2.2275000000000014	0.55	-1.2210189062768542	1.584017938823445	1477010447050000.0
3.3497141495133644	5.060285850486638	2.0	2.2550000000000012	0.55	-1.2641122406868326	1.5498452319330842	1477010447100000.0
3.3896636434397216	5.120336356560281	2.0	2.282500000000001	0.55	-1.3062496504602368	1.514500528449069	1477010447150000.0
3.432320847172909	5.177679152827094	2.0	2.310000000000001	0.55	-1.3473992711891232	1.4780105561189405	1477010447200000.0
3.4777079670729334	5.232292032927069	2.0	2.337500000000001	0.55	-1.3875299854339365	1.4404029087452233	1477010447250000.0
3.525838953584891	5.284161046415112	2.0	2.3650000000000007	0.55	-1.4266114462545911	1.4017060253189269	1477010447300000.0
3.576719459049506	5.333280540950496	2.0	2.3925000000000005	0.55	-1.4646141001588975	1.3619491685139145	1477010447350000.0
3.6303468206091125	5.37965317939089	2.0	2.4200000000000004	0.55	-1.5015092094509823	1.3211624025584008	1477010447400000.0
3.686710068260765	5.423289931739237	2.0	2.4475000000000002	0.55	-1.537268873962802	1.2793765705003115	1477010447450000.0
3.7457899580321365	5.464210041967866	2.0	2.475	0.55	-1.5718660521523145	1.2366232708836986	1477010447500000.0
3.807559030179859	5.502440969820143	2.0	2.5025	0.55	-1.6052745815523564	1.1929348338538477	1477010447550000.0
3.871981692234311	5.538018307765691	2.0	2.53	0.55	-1.6374691985547631	1.1483442967091453	1477010447600000.0
3.9390143266397004	5.570985673360302	2.0	2.5574999999999997	0.55	-1.6684255575147675	1.102885378918198	1477010447650000.0
4.008605422663912	5.60139457733609	2.0	2.5849999999999995	0.55	-1.6981202491612333	1.0565924566210905	1477010447700000.0
4.080695732179198	5.629304267820805	2.0	2.6124999999999994	0.55	-1.7265308182988017	1.0095005366340672	1477010447750000.0
4.155218448842586	5.654781551157416	2.0	2.6399999999999992	0.55	-1.753635780788562	0.9616452299772981	1477010447800000.0
4.232099410134134	5.677900589865868	2.0	2.667499999999999	0.55	-1.7794146397944077	0.9130627249457389	1477010447850000.0
4.3112573216420005	5.698742678358002	2.0	2.694999999999999	0.55	-1.8038479012827924	0.8637897597434604	1477010447900000.0
4.392604002916059	5.717395997083943	2.0	2.722499999999999	0.55	-1.8269170887641635	0.8138635947021307	1477010447950000.0
4.476044654146522	5.73395534585348	2.0	2.7499999999999987	0.55	-1.848604757264926	0.7633219841046659	1477010448000000.0
4.561478142861085	5.748521857138917	2.0	2.7774999999999985	0.55	-1.8688945065193743	0.712203147635353	1477010448050000.0
4.648797309773542	5.76120269022646	2.0	2.8049999999999984	0.55	-1.8877709933716094	0.6605457414780348	1477010448100000.0
4.737889292858923	5.772110707141079	2.0	2.8324999999999982	0.55	-1.9052199433780708	0.6083888290842135	1477010448150000.0
4.828635868675061	5.78136413132494	2.0	2.859999999999998	0.55	-1.9212281616019036	0.555771851633177	1477010448200000.0
4.920913809898367	5.789086190101634	2.0	2.887499999999998	0.55	-1.9357835425910002	0.5027345982064866	1477010448250000.0
5.014595257992521	5.79540474200748	2.0	2.914999999999998	0.55	-1.9488750795321725	0.44931717569938073	1477010448300000.0
5.109548109883059	5.800451890116942	2.0	2.9424999999999977	0.55	-1.9604928725745294	0.39555997849184676	1477010448350000.0
5.2056364174684475	5.804363582531553	2.0	2.9699999999999975	0.55	-1.9706281363157667	0.3415036579022959	1477010448400000.0
5.302720798759431	5.807279201240569	2.0	2.9974999999999974	0.55	-1.9792732064457095	0.28718909144694155	1477010448450000.0
5.400658859403278	5.809341140596723	2.0	3.0249999999999972	0.55	-1.9864215455420817	0.2326573519281254	1477010448500000.0
5.499305623318123	5.8106943766818775	2.0	3.052499999999997	0.55	-1.9920677480141191	0.17794967637496836	1477010448550000.0
5.598513971135074	5.811486028864927	2.0	3.079999999999997	0.55	-1.996207544190291	0.1231074348598325	1477010448600000.0
5.69813508512213	5.811864914877871	2.0	3.107499999999997	0.55	-1.9988378035470344	0.06817209921417543	1477010448650000.0
5.798018899244349	5.811981100755653	2.0	3.1349999999999967	0.55	-1.9999565370760646	0.013185211667454243	1477010448700000.0
5.898014552999181	5.811985447000821	2.0	3.1624999999999965	0.55	-1.9995628987884675	-0.041811646567205624	1477010448750000.0
5.997970847654465	5.812029152345538	2.0	3.1899999999999964	0.55	-1.9976571863544377	-0.0967768867368212	1477010448800000.0
6.0977367035093035	5.812263296490699	2.0	3.2174999999999963	0.55	-1.9942408408781804	-0.15166894399806433	1477010448850000.0
6.197161616794967	5.812838383205037	2.0	3.244999999999996	0.55	-1.989316445808145	-0.20644630884869353	1477010448900000.0
6.296096114834035	5.813903885165968	2.0	3.272499999999996	0.55	-1.9828877249834145	-0.2610675585171368	1477010448950000.0
6.394392208081283	5.815607791918721	2.0	3.299999999999996	0.55	-1.974959539817731	-0.31549138828648854	1477010449000000.0
6.491903837679209	5.818096162320794	2.0	3.3274999999999957	0.55	-1.9655378856232824	-0.369676642729233	1477010449050000.0
6.58848731717472	5.821512682825283	2.0	3.3549999999999955	0.55	-1.9546298870770324	-0.4235823468290753	1477010449100000.0
6.68400176706109	5.825998232938914	2.0	3.3824999999999954	0.55	-1.9422437928330258	-0.47716773696634424	1477010449150000.0
6.77830954083105	5.831690459168954	2.0	3.4099999999999953	0.55	-1.9283889692847338	-0.5303922917435374	1477010449200000.0
6.871276641252527	5.838723358747478	2.0	3.437499999999995	0.55	-1.9130758934821677	-0.5832157626276965	1477010449250000.0
6.962773125608091	5.847226874391913	2.0	3.464999999999995	0.55	-1.896316145209108	-0.6355982043864423	1477010449300000.0
7.052673498672609	5.857326501327394	2.0	3.492499999999995	0.55	-1.8781223982264446	-0.6875000052946533	1477010449350000.0
7.140857092240606	5.869142907759398	2.0	3.5199999999999947	0.55	-1.8585084106882503	-0.7388819170889442	1477010449400000.0
7.22720843005558	5.882791569944424	2.0	3.5474999999999945	0.55	-1.8374890147378318	-0.7897050846472956	1477010449450000.0
7.311617577037635	5.898382422962369	2.0	3.5749999999999944	0.55	-1.8150801052916272	-0.8399310753713873	1477010449500000.0
7.393980471753271	5.916019528246732	2.0	3.6024999999999943	0.55	-1.7912986280194352	-0.8895219082494198	1477010449550000.0
7.4741992411218785	5.935800758878124	2.0	3.629999999999994	0.55	-1.7661625665300575	-0.938440082577444	1477010449600000.0
7.5521824964071795	5.957817503592823	2.0	3.657499999999994	0.55	-1.739690928772054	-0.9866486063174816	1477010449650000.0
7.627845609598474	5.982154390401528	2.0	3.684999999999994	0.55	-1.711903732659885	-1.0341110240709905	1477010449700000.0
7.701110969345845	6.008889030654157	2.0	3.7124999999999937	0.55	-1.6828219909363205	-1.0807914446465234	1477010449750000.0
7.771908215675317	6.038091784324686	2.0	3.7399999999999936	0.55	-1.6524676952825519	-1.1266545682007292	1477010449800000.0
7.840174452774128	6.069825547225875	2.0	3.7674999999999934	0.55	-1.6208637996880333	-1.1716657129321788	1477010449850000.0
7.9058544392026056	6.104145560797397	2.0	3.7949999999999933	0.55	-1.5880342030926202	-1.215790841307824	1477010449900000.0
7.968900754957406	6.1410992450425965	2.0	3.822499999999993	0.55	-1.5540037313141348	-1.2589965858022596	1477010449950000.0
8.029273944880861	6.18072605511914	2.0	3.849999999999993	0.55	-1.518798118275025	-1.301250274130324	1477010450000000.0
8.086942637982755	6.223057362017246	2.0	3.877499999999993	0.55	-1.4824439865423118	-1.342519953953958	1477010450050000.0
8.141883642313642	6.26811635768636	2.0	3.9049999999999927	0.55	-1.444968827195542	-1.3827744170446385	1477010450100000.0
8.194082015102813	6.3159179848971885	2.0	3.9324999999999926	0.55	-1.406400979037969	-1.4219832228831122	1477010450150000.0
8.243531107948787	6.3664688920512145	2.0	3.9599999999999924	0.55	-1.3667696071666835	-1.4601167216785889	1477010450200000.0
8.29023258692565	6.41976741307435	2.0	3.9874999999999923	0.55	-1.3261046809178996	-1.4971460767899825	1477010450250000.0
8.33419642754446	6.475803572455541	2.0	4.014999999999993	0.55	-1.2844369512040703	-1.5330432865322468	1477010450300000.0
8.37544088458492	6.534559115415081	2.0	4.042499999999992	0.55	-1.2417979272599804	-1.5677812053513132	1477010450350000.0
8.4139924368886	6.596007563111401	2.0	4.069999999999992	0.55	-1.198219852815383	-1.6013335643516258	1477010450400000.0
8.449885707280623	6.660114292719379	2.0	4.097499999999992	0.55	-1.1537356817122195	-1.6336749911607389	1477010450450000.0
8.483163357862022	6.72683664213798	2.0	4.124999999999992	0.55	-1.1083790529848467	-1.6647810291159657	1477010450500000.0
8.513875960989411	6.79612403901059	2.0	4.152499999999992	0.55	-1.06218426542212	-1.6946281557585638	1477010450550000.0
8.54208184633217	6.867918153667832	2.0	4.179999999999992	0.55	-1.0151862516305683	-1.7231938006214729	1477010450600000.0
8.567846924469663	6.942153075530339	2.0	4.207499999999992	0.55	-0.9674205516182757	-1.7504563622971556	1477010450650000.0
8.591244487561998	7.018755512438004	2.0	4.234999999999991	0.55	-0.9189232859194444	-1.7763952247726325	1477010450700000.0
8.612354987697122	7.097645012302879	2.0	4.262499999999991	0.55	-0.8697311282799616	-1.8009907730193582	1477010450750000.0
8.6312657935846	7.178734206415401	2.0	4.289999999999991	0.55	-0.8198812779246274	-1.8242244078261534	1477010450800000.0
8.648070926331883	7.261929073668118	2.0	4.317499999999991	0.55	-0.7694114314270137	-1.846078559863971	1477010450850000.0
8.662870775102148	7.347129224897854	2.0	4.344999999999991	0.55	-0.7183597542032272	-1.8665367029718647	1477010450900000.0
8.67577179351362	7.434228206486381	2.0	4.372499999999991	0.55	-0.6667648516511319	-1.885583366654109	1477010450950000.0
8.686886177698554	7.523113822301447	2.0	4.399999999999991	0.55	-0.6146657399568572	-1.903204147779026	1477010451000000.0
8.696331526995472	7.613668473004529	2.0	4.42749999999999	0.55	-0.5621018165906668	-1.9193857214706669	1477010451050000.0
8.704230488300835	7.705769511699167	2.0	4.45499999999999	0.55	-0.509112830514499	-1.9341158511851133	1477010451100000.0
8.710710385155698	7.799289614844304	2.0	4.48249999999999	0.55	-0.45573885212370835	-1.9473833979637818	1477010451150000.0
8.715902832689075	7.894097167310928	2.0	4.50999999999999	0.55	-0.40202024294573985	-1.9591783288567297	1477010451200000.0
8.719943339582528	7.9900566604174745	2.0	4.53749999999999	0.55	-0.34799762511864657	-1.969491724509596	1477010451250000.0
8.722970898259733	8.087029101740269	2.0	4.56499999999999	0.55	-0.29371185067253386	-1.9783157859084366	1477010451300000.0
8.72512756454037	8.184872435459631	2.0	4.59249999999999	0.55	-0.23920397063715862	-1.9856438402773589	1477010451350000.0
8.726558028029585	8.283441971970417	2.0	4.6199999999999894	0.55	-0.18451520399904453	-1.9914703461244887	1477010451400000.0
8.727409174542254	8.382590825457747	2.0	4.647499999999989	0.55	-0.12968690653158785	-1.9957908974324607	1477010451450000.0
8.727829641885398	8.482170358114603	2.0	4.674999999999989	0.55	-0.07476053952172464	-1.9986022269902586	1477010451500000.0
8.727969370342137	8.582030629657863	2.0	4.702499999999989	0.55	-0.019777638416808616	-1.999902208863887	1477010451550000.0
8.72797914921667	8.68202085078333	2.0	4.729999999999989	0.55	0.035220218584591415	-1.9996898600040092	1477010451600000.0
8.7280101608116	8.781989839188402	2.0	4.757499999999989	0.55	0.09019144197422271	-1.99796534098933	1477010451650000.0
8.728213523216734	8.881786476783267	2.0	4.784999999999989	0.55	0.14509446238423215	-1.9947299559051672	1477010451700000.0
8.728739833292098	8.981260166707903	2.0	4.8124999999999885	0.55	0.1998877620220195	-1.9899861513572974	1477010451750000.0
8.729738711227252	9.08026128877275	2.0	4.839999999999988	0.55	0.2545299060660894	-1.9837375146218281	1477010451800000.0
8.731358348054302	9.1786416519457	2.0	4.867499999999988	0.55	0.3089795739991604	-1.9759887709324913	1477010451850000.0
8.73374505748302	9.276254942516982	2.0	4.894999999999988	0.55	0.3631955908548369	-1.96674577990741	1477010451900000.0
8.73704283341343	9.372957166586572	2.0	4.922499999999988	0.55	0.41713695835421527	-1.9560155311180414	1477010451950000.0
8.741392914464054	9.468607085535947	2.0	4.949999999999988	0.55	0.47076288590887816	-1.9438061388036474	1477010452000000.0
8.746933356832786	9.563066643167215	2.0	4.977499999999988	0.55	0.5240328214668332	-1.9301268357352865	1477010452050000.0
8.753798616782149	9.656201383217853	2.0	5.0049999999999875	0.55	0.5769064821780692	-1.9149879662339722	1477010452100000.0
8.762119144011626	9.747880855988376	2.0	5.032499999999987	0.55	0.6293438848565425	-1.8984009783482716	1477010452150000.0
8.772020987146783	9.837979012853218	2.0	5.059999999999987	0.55	0.6813053762155551	-1.8803784151972658	1477010452200000.0
8.783625412538289	9.926374587461712	2.0	5.087499999999987	0.55	0.7327516628536633	-1.8609339054854128	1477010452250000.0
8.79704853752366	10.012951462476343	2.0	5.114999999999987	0.55	0.7836438409684399	-1.84008215319649	1477010452300000.0
8.812400979260854	10.097599020739148	2.0	5.142499999999987	0.55	0.8339434257756202	-1.8178389264744064	1477010452350000.0
8.829787520195714	10.180212479804288	2.0	5.169999999999987	0.55	0.8836123806113869	-1.7942210456992966	1477010452400000.0
8.849306791174957	10.260693208825044	2.0	5.1974999999999865	0.55	0.9326131456957836	-1.7692463707679085	1477010452450000.0
8.871050973163072	10.33894902683693	2.0	5.224999999999986	0.55	0.9809086665355085	-1.742933787587908	1477010452500000.0
8.895105518465185	10.41489448153482	2.0	5.252499999999986	0.55	1.028462421944609	-1.7153031937963121	1477010452550000.0
8.921548892298988	10.488451107701016	2.0	5.279999999999986	0.55	1.0752384516618887	-1.6863754837128486	1477010452600000.0
8.950452335497294	10.559547664502709	2.0	5.307499999999986	0.55	1.1212013835441397	-1.6561725325396226	1477010452650000.0
8.981879649058827	10.628120350941177	2.0	5.334999999999986	0.55	1.1663164603146416	-1.624717179819037	1477010452700000.0
9.015887001198848	10.694112998801156	2.0	5.362499999999986	0.55	1.210549565846695	-1.5920332121624783	1477010452750000.0
9.052522757483139	10.757477242516865	2.0	5.3899999999999855	0.55	1.2538672509623157	-1.5581453452628242	1477010452800000.0
9.091827334559033	10.81817266544097	2.0	5.417499999999985	0.55	1.2962367587265824	-1.5230792052043793	1477010452850000.0
9.133833077925884	10.87616692207412	2.0	5.444999999999985	0.55	1.3376260492185075	-1.48686130908437	1477010452900000.0
9.178564164114581	10.931435835885422	2.0	5.472499999999985	0.55	1.3780038237596999	-1.4495190449606539	1477010452950000.0
9.22603652757199	10.983963472428012	2.0	5.499999999999985	0.55	1.4173395485824987	-1.4110806511408052	1477010453000000.0
9.27625781247139	11.033742187528611	2.0	5.527499999999985	0.55	1.455603477919681	-1.3715751948282418	1477010453050000.0
9.329227349594687	11.080772650405315	2.0	5.554999999999985	0.55	1.492766676498279	-1.3310325501415365	1477010453100000.0
9.38493615835628	11.125063841643723	2.0	5.5824999999999845	0.55	1.5288010414205033	-1.2894833755235406	1477010453150000.0
9.44336697396249	11.166633026037513	2.0	5.609999999999984	0.55	1.5636793234152178	-1.2469590905573955	1477010453200000.0
9.504494299624398	11.205505700375605	2.0	5.637499999999984	0.55	1.5973751474439035	-1.2034918522069715	1477010453250000.0
9.568284483666183	11.24171551633382	2.0	5.664999999999984	0.55	1.6298630326455252	-1.1591145304996964	1477010453300000.0
9.634695821295795	11.275304178704207	2.0	5.692499999999984	0.55	1.6611184116052162	-1.1138606836701632	1477010453350000.0
9.70367868073014	11.30632131926986	2.0	5.719999999999984	0.55	1.6911176489322166	-1.0677645327833156	1477010453400000.0
9.775175653293392	11.33482434670661	2.0	5.747499999999984	0.55	1.719838059133011	-1.020860935856397	1477010453450000.0
9.849121727034452	11.36087827296555	2.0	5.7749999999999835	0.55	1.7472579237661503	-0.9731853614992374	1477010453500000.0
9.925444483338543	11.384555516661461	2.0	5.802499999999983	0.55	1.7733565078657907	-0.9247738620928078	1477010453550000.0
10.004064315938292	11.405935684061712	2.0	5.829999999999983	0.55	1.7981140756215208	-0.8756630465263242	1477010453600000.0
10.084894671661997	11.425105328338006	2.0	5.857499999999983	0.55	1.8215119053026292	-0.8258900525135205	1477010453650000.0
10.167842312190977	11.442157687809026	2.0	5.884999999999983	0.55	1.84353230341552	-0.7754925185090226	1477010453700000.0
10.25280759603439	11.457192403965612	2.0	5.912499999999983	0.55	1.8641586180835756	-0.7245085552460603	1477010453750000.0
10.339684779868772	11.47031522013123	2.0	5.939999999999983	0.55	1.8833752516393434	-0.672976716917042	1477010453800000.0
10.428362338330961	11.48163766166904	2.0	5.9674999999999825	0.55	1.9011676724195286	-0.6209359720187839	1477010453850000.0
10.518723301297289	11.491276698702713	2.0	5.994999999999982	0.55	1.9175224257538732	-0.5684256738844419	1477010453900000.0
10.610645607629014	11.499354392370988	2.0	6.022499999999982	0.55	1.9324271441396077	-0.5154855309244283	1477010453950000.0
10.704002474314203	11.505997525685798	2.0	6.049999999999982	0.55	1.9458705565937866	-0.46215557659881906	1477010454000000.0
10.798662779889668	11.511337220110333	2.0	6.077499999999982	0.55	1.9578424971764317	-0.40847613914395786	1477010454050000.0
10.894491460983419	11.515508539016581	2.0	6.104999999999982	0.55	1.9683339126780397	-0.35448781107614896	1477010454100000.0
10.99134992077838	11.51865007922162	2.0	6.132499999999982	0.55	1.9773368694656404	-0.30023141849550156	1477010454150000.0
11.089096448162083	11.520903551837916	2.0	6.1599999999999815	0.55	1.984844559482229	-0.24574799021313712	1477010454200000.0
11.187586646294738	11.52241335370526	2.0	6.187499999999981	0.55	1.9908513053950343	-0.19107872672510634	1477010454250000.0
11.286673869299566	11.523326130700433	2.0	6.214999999999981	0.55	1.995352564888731	-0.13626496905647772	1477010454300000.0
11.386209665754768	11.523790334245232	2.0	6.242499999999981	0.55	1.9983449341003492	-0.08134816749915742	1477010454350000.0
11.48604422764588	11.52395577235412	2.0	6.269999999999981	0.55	1.9998261501932841	-0.02636985026708158	1477010454400000.0
11.586026843420802	11.523973156579197	2.0	6.297499999999981	0.55	1.9997950930684576	0.02862840790751641	1477010454450000.0
11.68600635377732	11.52399364622268	2.0	6.324999999999981	0.55	1.99825178621134	0.0836050172130157	1477010454500000.0
11.78583160880474	11.524168391195259	2.0	6.3524999999999805	0.55	1.9951973966741912	0.13851840420872097	1477010454550000.0
11.885351925097126	11.524648074902872	2.0	6.37999999999998	0.55	1.9906342341935308	0.19332704326279557	1477010454600000.0
11.984417541455707	11.52558245854429	2.0	6.40749999999998	0.55	1.984565749443513	0.24798948795404166	1477010454650000.0
12.082880071802315	11.527119928197683	2.0	6.43499999999998	0.55	1.9769965314265159	0.30246440241378086	1477010454700000.0
12.180592953934127	11.529407046065872	2.0	6.46249999999998	0.55	1.9679323040029286	0.356710592584135	1477010454750000.0
12.277411892762585	11.532588107237416	2.0	6.48999999999998	0.55	1.957379921562755	0.4106870373690692	1477010454800000.0
12.37319529669601	11.536804703303991	2.0	6.51749999999998	0.55	1.9453473638423064	0.46435291965464065	1477010454850000.0
12.467804705846216	11.542195294153785	2.0	6.5449999999999795	0.55	1.9318437298899078	0.5176676571749959	1477010454900000.0
12.56110521076409	11.548894789235911	2.0	6.572499999999979	0.55	1.9168792311851754	0.5705909332007748	1477010454950000.0
12.652965860437817	11.557034139562184	2.0	6.599999999999979	0.55	1.9004651839170719	0.6230827270267169	1477010455000000.0
12.74326005831984	11.56673994168016	2.0	6.627499999999979	0.55	1.8826140004265783	0.6751033442354109	1477010455050000.0
12.831865945184894	11.578134054815106	2.0	6.654999999999979	0.55	1.863339179820452	0.726613446714307	1477010455100000.0
12.918666767661243	11.591333232338757	2.0	6.682499999999979	0.55	1.8426552977631714	0.77757408240329	1477010455150000.0
13.00355123132061	11.606448768679389	2.0	6.709999999999979	0.55	1.8205779954547834	0.8279467147503172	1477010455200000.0
13.086413837258965	11.623586162741034	2.0	6.7374999999999785	0.55	1.7971239678029918	0.8776932518528506	1477010455250000.0
13.167155201150264	11.642844798849735	2.0	6.764999999999978	0.55	1.7723109507984292	0.9267760752630421	1477010455300000.0
13.245682353808265	11.664317646191734	2.0	6.792499999999978	0.55	1.7461577081026591	0.9751580684348915	1477010455350000.0
13.321909022347423	11.688090977652575	2.0	6.819999999999978	0.55	1.7186840168590511	1.0228026447918666	1477010455400000.0
13.395755891092593	11.714244108907407	2.0	6.847499999999978	0.55	1.6899106527372583	1.0696737753937569	1477010455450000.0
13.467150841448465	11.742849158551534	2.0	6.874999999999978	0.55	1.6598593742226082	1.1157360161818435	1477010455500000.0
13.536029170003332	11.773970829996667	2.0	6.902499999999978	0.55	1.6285529061622848	1.1609545347817787	1477010455550000.0
13.602333784207572	11.807666215792427	2.0	6.9299999999999775	0.55	1.5960149225807454	1.205295136843909	1477010455600000.0
13.666015375035082	11.843984624964916	2.0	6.957499999999977	0.55	1.562270028777368	1.2487242919011232	1477010455650000.0
13.727032566105484	11.882967433894516	2.0	6.984999999999977	0.55	1.5273437427198677	1.2912091587246686	1477010455700000.0
13.785352038816121	11.924647961183878	2.0	7.012499999999977	0.55	1.4912624757475477	1.3327176101587668	1477010455750000.0
13.84094863310544	11.96905136689456	2.0	7.039999999999977	0.55	1.4540535125989835	1.3732182574152434	1477010455800000.0
13.893805423542975	12.016194576457023	2.0	7.067499999999977	0.55	1.4157449907792405	1.4126804738098024	1477010455850000.0
13.943913770515888	12.06608622948411	2.0	7.094999999999977	0.55	1.3763658792822258	1.451074417921998	1477010455900000.0
13.991273346357197	12.118726653642803	2.0	7.1224999999999765	0.55	1.3359459566842669	1.4883710561613859	1477010455950000.0
14.035892136336722	12.174107863663277	2.0	7.149999999999976	0.55	1.2945157886254837	1.5245421847227913	1477010456000000.0
14.077786414511738	12.23221358548826	2.0	7.177499999999976	0.55	1.2521067046959795	1.559560450914095	1477010456050000.0
14.116980694510355	12.293019305489645	2.0	7.204999999999976	0.55	1.2087507747443305	1.5933993738404006	1477010456100000.0
14.15350765539648	12.35649234460352	2.0	7.232499999999976	0.55	1.1644807846262928	1.6260333644289509	1477010456150000.0
14.187408042840577	12.422591957159424	2.0	7.259999999999976	0.55	1.1193302114120607	1.6574377447796438	1477010456200000.0
14.21873054589507	12.49126945410493	2.0	7.287499999999976	0.55	1.0733331980708274	1.6875887668265188	1477010456250000.0
14.247531649747094	12.562468350252907	2.0	7.3149999999999755	0.55	1.0265245276517925	1.7164636302960994	1477010456300000.0
14.273875464893862	12.636124535106138	2.0	7.342499999999975	0.55	0.9789395969811389	1.7440404999490136	1477010456350000.0
14.297833533257302	12.712166466742698	2.0	7.369999999999975	0.55	0.930614389894869	1.7702985220918535	1477010456400000.0
14.319484611824286	12.790515388175713	2.0	7.397499999999975	0.55	0.8815854500277445	1.7952178403467862	1477010456450000.0
14.338914434466801	12.871085565533198	2.0	7.424999999999975	0.55	0.8318898531789037	1.818779610666994	1477010456500000.0
14.35621545266235	12.953784547337648	2.0	7.452499999999975	0.55	0.7815651792750558	1.840966015586586	1477010456550000.0
14.371486555898732	13.038513444101266	2.0	7.479999999999975	0.55	0.7306494839524518	1.8617602776942084	1477010456600000.0
14.384832772608732	13.125167227391266	2.0	7.5074999999999745	0.55	0.6791812697791239	1.8811466723201615	1477010456650000.0
14.396364952539201	13.213635047460796	2.0	7.534999999999974	0.55	0.6271994571391527	1.8991105394274321	1477010456700000.0
14.406199431515093	13.303800568484904	2.0	7.562499999999974	0.55	0.5747433548009824	1.9156382946976478	1477010456750000.0
14.41445767961229	13.395542320387706	2.0	7.589999999999974	0.55	0.5218526301920373	1.9307174398035702	1477010456800000.0
14.42126593380325	13.488734066196749	2.0	7.617499999999974	0.55	0.4685672794021206	1.9443365718603596	1477010456850000.0
14.426754816186408	13.583245183813592	2.0	7.644999999999974	0.55	0.4149275969382779	1.9564853920484624	1477010456900000.0
14.431058938953932	13.678941061046068	2.0	7.672499999999974	0.55	0.36097414525399607	1.967154713401604	1477010456950000.0
14.434316497292478	13.77568350270752	2.0	7.6999999999999735	0.55	0.3067477240757814	1.9763364677539925	1477010457000000.0
14.43666885144812	13.873331148551879	2.0	7.727499999999973	0.55	0.2522893395503106	1.984023711841486	1477010457050000.0
14.438260099219388	13.97173990078061	2.0	7.754999999999973	0.55	0.19764017323548688	1.9902106325521043	1477010457100000.0
14.439236640171302	14.070763359828696	2.0	7.782499999999973	0.55	0.14284155095884926	1.9948925513219178	1477010457150000.0
14.43974673288831	14.170253267111688	2.0	7.809999999999973	0.55	0.08793491156688506	1.9980659276729895	1477010457200000.0
14.439940046605116	14.270059953394881	2.0	7.837499999999973	0.55	0.03296177558887712	1.9997283618906916	1477010457250000.0
14.439967208571366	14.370032791428631	2.0	7.864999999999973	0.55	-0.02203628616101759	1.9998785968383754	1477010457300000.0
14.43997934851906	14.470020651480937	2.0	7.8924999999999725	0.55	-0.07701768401971505	1.9985165189080223	1477010457350000.0
14.440127641610355	14.569872358389643	2.0	7.919999999999972	0.55	-0.13194084092540478	1.9956431581061522	1477010457400000.0
14.440562851247957	14.66943714875204	2.0	7.947499999999972	0.55	-0.18676422385822136	1.9912606872749323	1477010457450000.0
14.441434873130792	14.768565126869206	2.0	7.974999999999972	0.55	-0.24144637524761128	1.9853724204490677	1477010457500000.0
14.442892281933798	14.867107718066201	2.0	8.002499999999973	0.55	-0.2959459443226467	1.9779828103497201	1477010457550000.0
14.445081881982823	14.964918118017176	2.0	8.029999999999973	0.55	-0.350221718381568	1.9690974450173515	1477010457600000.0
14.448148263283477	15.061851736716521	2.0	8.057499999999973	0.55	-0.40423265395693636	1.9587230435860328	1477010457650000.0
14.452233364246604	15.157766635753395	2.0	8.084999999999972	0.55	-0.4579379078527924	1.94686745120242	1477010457700000.0
14.45747604243282	15.252523957567181	2.0	8.112499999999972	0.55	-0.5112968680303788	1.933539633093236	1477010457750000.0
14.46401165461426	15.34598834538574	2.0	8.139999999999972	0.55	-0.5642691843190585	1.9187496677857443	1477010457800000.0
14.471971647423564	15.438028352576437	2.0	8.167499999999972	0.55	-0.6168147989292093	1.9025087394863445	1477010457850000.0
14.481483159828015	15.528516840171985	2.0	8.194999999999972	0.55	-0.6688939767440168	1.8848291296230475	1477010457900000.0
14.492668638631125	15.617331361368874	2.0	8.222499999999972	0.55	-0.7204673353672642	1.8657242075582323	1477010457950000.0
14.505645468164404	15.704354531835595	2.0	8.249999999999972	0.55	-0.7714958749043912	1.8452084204787025	1477010458000000.0
14.520525615289268	15.789474384710733	2.0	8.277499999999971	0.55	-0.8219410074543065	1.823297282470689	1477010458050000.0
14.537415290782643	15.872584709217358	2.0	8.304999999999971	0.55	-0.8717645862896488	1.800007362788063	1477010458100000.0
14.556414628130362	15.95358537186964	2.0	8.332499999999971	0.55	-0.9209289347034311	1.7753562733226262	1477010458150000.0
14.577617380699712	16.03238261930029	2.0	8.359999999999971	0.55	-0.9693968745002547	1.749362655285958	1477010458200000.0
14.601110638206983	16.10888936179302	2.0	8.38749999999997	0.55	-1.0171317541105485	1.7220461651128864	1477010458250000.0
14.626974563337482	16.18302543666252	2.0	8.41499999999997	0.55	-1.06409747630657	1.6934274595972478	1477010458300000.0
14.655282149314532	16.254717850685466	2.0	8.44249999999997	0.55	-1.1102585254992159	1.663528180271169	1477010458350000.0
14.686098999150625	16.323901000849375	2.0	8.46999999999997	0.55	-1.155579994594991	1.6323709370396917	1477010458400000.0
14.71948312724833	16.39051687275167	2.0	8.49749999999997	0.55	-1.2000276113928359	1.599979291083108	1477010458450000.0
14.75548478395096	16.454515216049042	2.0	8.52499999999997	0.55	-1.2435677645008456	1.5663777370399419	1477010458500000.0
14.794146303573601	16.5158536964264	2.0	8.55249999999997	0.55	-1.2861675287532819	1.5315916844840454	1477010458550000.0
14.835501976374085	16.574498023625917	2.0	8.57999999999997	0.55	-1.3277946901086612	1.4956474387098198	1477010458600000.0
14.879577944851103	16.630422055148898	2.0	8.60749999999997	0.55	-1.3684177700100888	1.4585721808400898	1477010458650000.0
14.926392124683089	16.683607875316913	2.0	8.63499999999997	0.55	-1.408006049189416	1.4203939472716756	1477010458700000.0
14.975954150546938	16.734045849453064	2.0	8.66249999999997	0.55	-1.4465295908972238	1.3811416084742036	1477010458750000.0
15.02826534698047	16.781734653019534	2.0	8.68999999999997	0.55	-1.4839592635410623	1.3408448471581893	1477010458800000.0
15.083318724376703	16.8266812756233	2.0	8.71749999999997	0.55	-1.5202667627148292	1.2995341358289028	1477010458850000.0
15.141099000122088	16.868900999877916	2.0	8.744999999999969	0.55	-1.5554246326026284	1.2572407137429882	1477010458900000.0
15.201582644814764	16.90841735518524	2.0	8.772499999999969	0.55	-1.5894062867409215	1.2139965632852654	1477010458950000.0
15.264737953423053	16.94526204657695	2.0	8.799999999999969	0.55	-1.6221860281232745	1.1698343857835751	1477010459000000.0
15.330525141169012	16.97947485883099	2.0	8.827499999999969	0.55	-1.653739068632494	1.1247875767799587	1477010459050000.0
15.398896463847048	17.01110353615295	2.0	8.854999999999968	0.55	-1.684041547785459	1.0788902007768706	1477010459100000.0
15.46979636221374	17.04020363778626	2.0	8.882499999999968	0.55	-1.7130705507764747	1.0321769654775217	1477010459150000.0
15.54316163001218	17.06683836998782	2.0	8.909999999999968	0.55	-1.740804125805503	0.9846831955398341	1477010459200000.0
15.618921605122717	17.091078394877282	2.0	8.937499999999968	0.55	-1.7672213006781623	0.9364448058638501	1477010459250000.0
15.696998383261983	17.113001616738018	2.0	8.964999999999968	0.55	-1.7923020986649536	0.8874982744328028	1477010459300000.0
15.777307053583952	17.132692946416046	2.0	8.992499999999968	0.55	-1.8160275536077075	0.8378806147283782	1477010459350000.0
15.859755955470511	17.150244044529487	2.0	9.019999999999968	0.55	-1.8383797242618385	0.787629347741034	1477010459400000.0
15.944246955734938	17.16575304426506	2.0	9.047499999999967	0.55	-1.859341707863556	0.7367824735965395	1477010459450000.0
16.03067574539996	17.179324254600036	2.0	9.074999999999967	0.55	-1.8788976529117734	0.6853784428201904	1477010459500000.0
16.118932155152894	17.1910678448471	2.0	9.102499999999967	0.55	-1.8970327711550516	0.6334561272604328	1477010459550000.0
16.2089004885238	17.201099511476194	2.0	9.129999999999967	0.55	-1.913733348774508	0.581054790693879	1477010459600000.0
16.30045987177909	17.2095401282209	2.0	9.157499999999967	0.55	-1.928986756754239	0.5282140591339486	1477010459650000.0
16.39348461947242	17.21651538052757	2.0	9.184999999999967	0.55	-1.9427814604314115	0.4749738908655844	1477010459700000.0
16.48784461454732	17.22215538545267	2.0	9.212499999999967	0.55	-1.955107028218802	0.421374546228703	1477010459750000.0
16.583405701842086	17.226594298157906	2.0	9.239999999999966	0.55	-1.9659541394931863	0.36745655717323233	1477010459800000.0
16.680030093806845	17.229969906193148	2.0	9.267499999999966	0.55	-1.975314591643619	0.31326069660875566	1477010459850000.0
16.77757678720585	17.232423212794142	2.0	9.294999999999966	0.55	-1.983181306274264	0.25882794757194205	1477010459900000.0
16.87590198954474	17.23409801045525	2.0	9.322499999999966	0.55	-1.9895483345570963	0.2041994722350781	1477010459950000.0
16.974859553933214	17.235140446066776	2.0	9.349999999999966	0.55	-1.9944108617304188	0.1494165807791369	1477010460000000.0
17.074301421067922	17.23569857893207	2.0	9.377499999999966	0.55	-1.9977652107397965	0.09452070015492224	1477010460050000.0
17.174078066998977	17.235921933001013	2.0	9.404999999999966	0.55	-1.9996088450186535	0.03955334275591168	1477010460100000.0
17.2740389553259	17.23596104467409	2.0	9.432499999999965	0.55	-1.999940370406431	-0.015443924973512808	1477010460150000.0
17.374032992455433	17.235967007544556	2.0	9.459999999999965	0.55	-1.9987595362028545	-0.07042951397070735	1477010460200000.0
17.47390898454448	17.23609101545551	2.0	9.487499999999965	0.55	-1.9960672353575137	-0.12536184400451272	1477010460250000.0
17.573516094746175	17.236483905253817	2.0	9.514999999999965	0.55	-1.9918655037946127	-0.1801993751183225	1477010460300000.0
17.67270429937635	17.237295700623644	2.0	9.542499999999965	0.55	-1.9861575188733982	-0.23490063904269565	1477010460350000.0
17.771324841620782	17.23867515837921	2.0	9.569999999999965	0.55	-1.9789475969854342	-0.28942427055375874	1477010460400000.0
17.869230681411143	17.24076931858885	2.0	9.597499999999965	0.55	-1.970241190290536	-0.34372903875368543	1477010460450000.0
17.96627694010908	17.243723059890915	2.0	9.624999999999964	0.55	-1.9600448825938335	-0.3977738782495976	1477010460500000.0
18.062321338653636	17.247678661346356	2.0	9.652499999999964	0.55	-1.948366384367084	-0.4515179202073118	1477010460550000.0
18.157224627846926	17.252775372153064	2.0	9.679999999999964	0.55	-1.935214526917994	-0.5049205232564474	1477010460600000.0
18.250851009476786	17.259148990523205	2.0	9.707499999999964	0.55	-1.9205992557119642	-0.5579413042235262	1477010460650000.0
18.34306854700282	17.26693145299717	2.0	9.734999999999964	0.55	-1.904531622851305	-0.610540168669822	1477010460700000.0
18.433749564563833	17.276250435436154	2.0	9.762499999999964	0.55	-1.8870237787176112	-0.6626773412108701	1477010460750000.0
18.522771033099975	17.287228966900013	2.0	9.789999999999964	0.55	-1.8680889627836148	-0.7143133955947055	1477010460800000.0
18.610014942421824	17.299985057578166	2.0	9.817499999999963	0.55	-1.8477414936014647	-0.7654092845160874	1477010460850000.0
18.695368658101238	17.314631341898753	2.0	9.844999999999963	0.55	-1.8259967579750038	-0.8159263691441621	1477010460900000.0
18.77872526210462	17.331274737895374	2.0	9.872499999999963	0.55	-1.8028711993242326	-0.8658264483412382	1477010460950000.0
18.85998387613844	17.350016123861554	2.0	9.899999999999963	0.55	-1.778382305250756	-0.9150717875505764	1477010461000000.0
18.939049966729165	17.37095003327083	2.0	9.927499999999963	0.55	-1.7525485943136174	-0.9636251473313486	1477010461050000.0
19.015835631114932	17.394164368885065	2.0	9.954999999999963	0.55	-1.7253896020255228	-1.0114498115191917	1477010461100000.0
19.090259863084377	17.41974013691562	2.0	9.982499999999963	0.55	-1.6969258660800381	-1.0585096149910556	1477010461150000.0
19.162248797958664	17.447751202041335	2.0	10.009999999999962	0.55	-1.667178910820939	-1.1047689710133555	1477010461200000.0
19.231735935975816	17.478264064024184	2.0	10.037499999999962	0.55	-1.6361712309654504	-1.1501928981527416	1477010461250000.0
19.29866234340179	17.511337656598208	2.0	10.064999999999962	0.55	-1.6039262745936897	-1.1947470467291423	1477010461300000.0
19.36297683076009	17.547023169239907	2.0	10.092499999999962	0.55	-1.5704684254171735	-1.238397724791072	1477010461350000.0
19.424636107640897	17.585363892359098	2.0	10.119999999999962	0.55	-1.5358229843397968	-1.2811119235935635	1477010461400000.0
19.483604913621555	17.626395086378437	2.0	10.147499999999962	0.55	-1.5000161503252316	-1.3228573425594585	1477010461450000.0
19.539856124902467	17.670143875097523	2.0	10.174999999999962	0.55	-1.4630750005852082	-1.36360241370518	1477010461500000.0
19.593370836335904	17.716629163664088	2.0	10.202499999999961	0.55	-1.4250274701036652	-1.4033163255125152	1477010461550000.0
19.644138418599656	17.765861581400337	2.0	10.229999999999961	0.55	-1.3859023305122484	-1.4419690462283572	1477010461600000.0
19.692156550342638	17.817843449657357	2.0	10.257499999999961	0.55	-1.345729168333136	-1.4795313465747881	1477010461650000.0
19.737431225205203	17.872568774794793	2.0	10.284999999999961	0.55	-1.3045383626056415	-1.5159748218523261	1477010461700000.0
19.779976733692948	17.93002326630705	2.0	10.312499999999961	0.55	-1.262361061913512	-1.551271913419627	1477010461750000.0
19.819815619958835	17.990184380041164	2.0	10.33999999999996	0.55	-1.2192291608302972	-1.5853959295333924	1477010461800000.0
19.856978613624307	18.05302138637569	2.0	10.36749999999996	0.55	-1.1751752758005984	-1.6183210655327291	1477010461850000.0
19.89150453684563	18.118495463154364	2.0	10.39499999999996	0.55	-1.1302327204754357	-1.6500224233526937	1477010461900000.0
19.923440186906465	18.18655981309353	2.0	10.42249999999996	0.55	-1.0844354805203877	-1.6804760303522677	1477010461950000.0
19.952840194691753	18.257159805308245	2.0	10.44999999999996	0.55	-1.037818187915552	-1.709658857442525	1477010462000000.0
19.97976685947096	18.330233140529035	2.0	10.47749999999996	0.55	-0.9904160947667595	-1.7375488365012828	1477010462050000.0
20.004289960490286	18.40571003950971	2.0	10.50499999999996	0.55	-0.9422650466478508	-1.7641248770610667	1477010462100000.0
20.026486545943644	18.483513454056354	2.0	10.53249999999996	0.55	-0.8934014554941686	-1.7893668822577724	1477010462150000.0
20.046440699960623	18.563559300039376	2.0	10.55999999999996	0.55	-0.843862272067767	-1.8132557640279614	1477010462200000.0
20.064243288316106	18.64575671168389	2.0	10.58749999999996	0.55	-0.7936849580151586	-1.8357734575432982	1477010462250000.0
20.079991683630595	18.730008316369403	2.0	10.61499999999996	0.55	-0.74290745753873	-1.8569029348712172	1477010462300000.0
20.09378947089226	18.816210529107735	2.0	10.64249999999996	0.55	-0.6915681687032472	-1.876628217851484	1477010462350000.0
20.10574613419135	18.904253865808645	2.0	10.669999999999959	0.55	-0.6397059143991484	-1.8949343901789184	1477010462400000.0
20.11597672561428	18.994023274385714	2.0	10.697499999999959	0.55	-0.5873599129845841	-1.9118076086831388	1477010462450000.0
20.124601517298814	19.085398482701184	2.0	10.724999999999959	0.55	-0.5345697486284023	-1.9272351137968005	1477010462500000.0
20.13174563770253	19.17825436229747	2.0	10.752499999999959	0.55	-0.4813753413765079	-1.94120523920441	1477010462550000.0
20.137538693184663	19.272461306815334	2.0	10.779999999999959	0.55	-0.4278169169642297	-1.95370742066442	1477010462600000.0
20.142114376045683	19.367885623954315	2.0	10.807499999999958	0.55	-0.37393497639752593	-1.9647322039979347	1477010462650000.0
20.145610060210018	19.464389939789978	2.0	10.834999999999958	0.55	-0.31977026532602826	-1.97427125223798	1477010462700000.0
20.148166385774683	19.56183361422531	2.0	10.862499999999958	0.55	-0.2653637432310862	-1.9823173519339394	1477010462750000.0
20.149926833680222	19.66007316631977	2.0	10.889999999999958	0.55	-0.21075655245211153	-1.9888644186063815	1477010462800000.0
20.15103729179026	19.758962708209733	2.0	10.917499999999958	0.55	-0.15598998707464476	-1.9939075013481573	1477010462850000.0
20.151645613691947	19.858354386308044	2.0	10.944999999999958	0.55	-0.101105461703671	-1.997442786568288	1477010462900000.0
20.151901171551604	19.958098828448385	2.0	10.972499999999958	0.55	-0.04614448014579865	-1.9994676008758117	1477010462950000.0
20.1519544043778	20.058045595622186	2.0	10.999999999999957	0.55	0.008851395976016307	-1.9999804131014074	1477010463000000.0
20.15195636305807	20.15804363694192	2.0	11.027499999999957	0.55	0.06384057865146692	-1.9989808354552692	1477010463050000.0
20.152058253545132	20.257941746454854	2.0	11.054999999999957	0.55	0.11878148493184607	-1.9964696238203539	1477010463100000.0
20.152410979574196	20.357589020425788	2.0	11.082499999999957	0.55	0.17363256837516958	-1.9924486771807806	1477010463150000.0
20.15316468629421	20.456835313705774	2.0	11.109999999999957	0.55	0.2283523504636931	-1.9869210361858134	1477010463200000.0
20.15446830619327	20.555531693806717	2.0	11.137499999999957	0.55	0.2828994519700641	-1.9798908808505173	1477010463250000.0
20.156469108691393	20.653530891308595	2.0	11.164999999999957	0.55	0.3372326242483908	-1.9713635273948191	1477010463300000.0
20.15931225476283	20.75068774523716	2.0	11.192499999999956	0.55	0.39131078042656453	-1.9613454242233705	1477010463350000.0
20.163140357934783	20.84685964206521	2.0	11.219999999999956	0.55	0.4450930264762487	-1.949844147049249	1477010463400000.0
20.168093052990226	20.941906947009763	2.0	11.247499999999956	0.55	0.49853869213703894	-1.9368683931651862	1477010463450000.0
20.174306573679168	21.03569342632082	2.0	11.274999999999956	0.55	0.5516073616714089	-1.9224279748666548	1477010463500000.0
20.181913340715422	21.128086659284566	2.0	11.302499999999956	0.55	0.6042589044271862	-1.9065338120317867	1477010463550000.0
20.19104156130491	21.21895843869508	2.0	11.329999999999956	0.55	0.6564535051844448	-1.8891979238637375	1477010463600000.0
20.201814841416635	21.308185158583356	2.0	11.357499999999956	0.55	0.7081516942638684	-1.8704334198017347	1477010463650000.0
20.214351811968854	21.395648188031135	2.0	11.384999999999955	0.55	0.7593143773738134	-1.8502544896076913	1477010463700000.0
20.228765770061017	21.48123422993897	2.0	11.412499999999955	0.55	0.8099028651735047	-1.8286763926358724	1477010463750000.0
20.245164336336423	21.564835663663562	2.0	11.439999999999955	0.55	0.8598789025300054	-1.805715446293738	1477010463800000.0
20.263649129511826	21.646350870488156	2.0	11.467499999999955	0.55	0.9092046974468379	-1.781389013702679	1477010463850000.0
20.284315459058313	21.72568454094167	2.0	11.494999999999955	0.55	0.9578429496423798	-1.7557154905679866	1477010463900000.0
20.307252036962804	21.80274796303718	2.0	11.522499999999955	0.55	1.005756878756425	-1.728714291267974	1477010463950000.0
20.33254070944195	21.877459290558033	2.0	11.549999999999955	0.55	1.0529102521635774	-1.7004058341727812	1477010464000000.0
20.36025620941973	21.949743790580253	2.0	11.577499999999954	0.55	1.099267412372448	-1.670811526203953	1477010464050000.0
20.39046593051733	22.019534069482653	2.0	11.604999999999954	0.55	1.144793303989932	-1.6399537466464762	1477010464100000.0
20.423229723238833	22.086770276761147	2.0	11.632499999999954	0.55	1.189453500230181	-1.6078558302255122	1477010464150000.0
20.45859971396908	22.151400286030903	2.0	11.659999999999954	0.55	1.233214228948217	-1.5745420494606215	1477010464200000.0
20.496620147331086	22.213379852668893	2.0	11.687499999999954	0.55	1.2760423981785094	-1.54003759631083	1477010464250000.0
20.537327252379814	22.272672747620163	2.0	11.714999999999954	0.55	1.3179056211591955	-1.5043685631244077	1477010464300000.0
20.58074913303689	22.329250866963086	2.0	11.742499999999954	0.55	1.3587722408230265	-1.4675619229077768	1477010464350000.0
20.626905683097668	22.383094316902305	2.0	11.769999999999953	0.55	1.3986113537365155	-1.4296455089284588	1477010464400000.0
20.675808526067684	22.434191473932287	2.0	11.797499999999953	0.55	1.437392833469186	-1.3906479936674936	1477010464450000.0
20.7274609800104	22.482539019989574	2.0	11.824999999999953	0.55	1.4750873533752498	-1.350598867137242	1477010464500000.0
20.78185804751259	22.528141952487385	2.0	11.852499999999953	0.55	1.5116664087704845	-1.309528414580969	1477010464550000.0
20.838986430797714	22.571013569202258	2.0	11.879999999999953	0.55	1.547102338487544	-1.2674676935710723	1477010464600000.0
20.898824571941553	22.611175428058417	2.0	11.907499999999953	0.55	1.5813683457933951	-1.2244485105232725	1477010464650000.0
20.961342718068487	22.648657281931484	2.0	11.934999999999953	0.55	1.6144385186530734	-1.180503396644529	1477010464700000.0
21.026503011331254	22.683496988668715	2.0	11.962499999999952	0.55	1.6462878493244215	-1.1356655833328626	1477010464750000.0
21.094259603402087	22.715740396597884	2.0	11.989999999999952	0.55	1.6768922532690045	-1.089968977047696	1477010464800000.0
21.164558794128926	22.745441205871042	2.0	12.017499999999952	0.55	1.7062285873648935	-1.0434481336697097	1477010464850000.0
21.237339193937455	22.77266080606251	2.0	12.044999999999952	0.55	1.734274667407548	-0.9961382323696039	1477010464900000.0
21.312531909487745	22.797468090512222	2.0	12.072499999999952	0.55	1.7610092848855645	-0.9480750490055271	1477010464950000.0
21.390060752024073	22.819939247975892	2.0	12.099999999999952	0.55	1.786412223018602	-0.8992949290692887	1477010465000000.0
21.46984246778783	22.840157532212135	2.0	12.127499999999952	0.55	1.8104642720453579	-0.8498347602018125	1477010465050000.0
21.55178698979665	22.85821301020332	2.0	12.154999999999951	0.55	1.833147243750036	-0.7997319442986168	1477010465100000.0
21.63579771022836	22.87420228977161	2.0	12.182499999999951	0.55	1.8544439852163164	-0.7490243692264134	1477010465150000.0
21.721771772585985	22.888228227413986	2.0	12.209999999999951	0.55	1.8743383917984318	-0.6977503801722134	1477010465200000.0
21.809600382760223	22.90039961723975	2.0	12.237499999999951	0.55	1.8928154192995381	-0.6459487506466077	1477010465250000.0
21.899169138048677	22.910830861951297	2.0	12.26499999999995	0.55	1.9098610953481716	-0.5936586531631474	1477010465300000.0
21.99035837313679	22.919641626863182	2.0	12.29249999999995	0.55	1.9254625299641883	-0.5409196296159969	1477010465350000.0
22.083043521994192	22.92695647800578	2.0	12.31999999999995	0.55	1.9396079253061977	-0.4877715613782614	1477010465400000.0
22.177095494591956	22.932904505408015	2.0	12.34749999999995	0.55	1.9522865845931183	-0.4342546391435988	1477010465450000.0
22.272381067301513	22.93761893269846	2.0	12.37499999999995	0.55	1.9634889201931074	-0.3804093325339234	1477010465500000.0
22.36876328579454	22.94123671420543	2.0	12.40249999999995	0.55	1.973206460873752	-0.3262763594961828	1477010465550000.0
22.466101879225388	22.943898120774584	2.0	12.42999999999995	0.55	1.9814318582080337	-0.271896655511351	1477010465600000.0
22.564253684443432	22.94574631555654	2.0	12.45749999999995	0.55	1.9881588921312272	-0.2173113426389222	1477010465650000.0
22.663073078952443	22.946926921047528	2.0	12.48499999999995	0.55	1.993382475644527	-0.1625616984203127	1477010465700000.0
22.762412421307612	22.94758757869236	2.0	12.51249999999995	0.55	1.9970986586618482	-0.10768912466468766	1477010465750000.0
22.862122497618337	22.947877502381637	2.0	12.53999999999995	0.55	1.9993046309968912	-0.05273511614081596	1477010465800000.0
22.96205297280648	22.947947027193496	2.0	12.56749999999995	0.55	1.99999872448821	0.0022587708013710396	1477010465850000.0
23.06205284525534	22.947947154744636	2.0	12.59499999999995	0.55	1.9991804142606815	0.05725094965578869	1477010465900000.0
23.16197090347443	22.94802909652555	2.0	12.622499999999949	0.55	1.996850319122416	0.1121998352080123	1477010465950000.0
23.261656183398912	22.948343816601067	2.0	12.649999999999949	0.55	1.9930102010968134	0.1670638749821137	1477010466000000.0
23.36095842494081	22.94904157505917	2.0	12.677499999999949	0.55	1.987662964090117	0.22180158066274075	1477010466050000.0
23.4597285264112	22.95027147358878	2.0	12.704999999999949	0.55	1.980812651695473	0.27637155946867875	1477010466100000.0
23.55781899543912	22.95218100456086	2.0	12.732499999999948	0.55	1.972464444135155	0.3307325454541683	1477010466150000.0
23.655084395023557	22.954915604976424	2.0	12.759999999999948	0.55	1.96262465434327	0.38484343071431026	1477010466200000.0
23.751381783369457	22.958618216630523	2.0	12.787499999999948	0.55	1.9513007231918997	0.4386632964709597	1477010466250000.0
23.846571146177688	22.963428853822293	2.0	12.814999999999948	0.55	1.9385012138642983	0.4921514440156016	1477010466300000.0
23.940515820081522	22.96948417991846	2.0	12.842499999999948	0.55	1.924235805379392	0.5452674254858098	1477010466350000.0
24.033082905949126	22.976917094050858	2.0	12.869999999999948	0.55	1.9085152852724818	0.5979710744520149	1477010466400000.0
24.124143670802095	22.98585632919789	2.0	12.897499999999948	0.55	1.8913515414376858	0.6502225362914529	1477010466450000.0
24.213573937134562	22.99642606286542	2.0	12.924999999999947	0.55	1.872757553138284	0.7019822983263235	1477010466500000.0
24.301254458455475	23.00874554154451	2.0	12.952499999999947	0.55	1.8527473811917696	0.7532112197033706	1477010466550000.0
24.3870712799183	23.022928720081687	2.0	12.979999999999947	0.55	1.8313361573370268	0.8038705609922862	1477010466600000.0
24.470916082947546	23.039083917052437	2.0	13.007499999999947	0.55	1.8085400727916727	0.8539220134805587	1477010466650000.0
24.55268651281988	23.057313487180103	2.0	13.034999999999947	0.55	1.7843763660082221	0.9033277281426113	1477010466700000.0
24.632286488209097	23.077713511790886	2.0	13.062499999999947	0.55	1.7588633096383288	0.9520503442613234	1477010466750000.0
24.709626491758893	23.100373508241088	2.0	13.089999999999947	0.55	1.7320201967149635	1.0000530176802924	1477010466800000.0
24.784623840804606	23.125376159195373	2.0	13.117499999999946	0.55	1.703867326062977	1.0472994486654714	1477010466850000.0
24.85720293742523	23.15279706257475	2.0	13.144999999999946	0.55	1.6744259869490825	1.0937539093551123	1477010466900000.0
24.92729549706949	23.182704502930488	2.0	13.172499999999946	0.55	1.64371844298286	1.1393812707772595	1477010466950000.0
24.99484075506454	23.21515924493544	2.0	13.199999999999946	0.55	1.6117679152809645	1.1841470294143601	1477010467000000.0
25.059785650382768	23.25021434961721	2.0	13.227499999999946	0.55	1.578598564907263	1.2280173332949051	1477010467050000.0
25.12208498611095	23.287915013889027	2.0	13.254999999999946	0.55	1.5442354746021802	1.270959007592369	1477010467100000.0
25.181701566136443	23.32829843386353	2.0	13.282499999999946	0.55	1.508704629815073	1.3129395797120915	1477010467150000.0
25.238606307637077	23.371393692362894	2.0	13.309999999999945	0.55	1.4720328990539717	1.3539273038471302	1477010467200000.0
25.29277832903451	23.417221670965464	2.0	13.337499999999945	0.55	1.4342480135675522	1.3938911849845135	1477010467250000.0
25.34420501314507	23.465794986854903	2.0	13.364999999999945	0.55	1.3953785463746995	1.4328010023437416	1477010467300000.0
25.392882045337142	23.517117954662833	2.0	13.392499999999945	0.55	1.3554538906575258	1.470627332229813	1477010467350000.0
25.438813426579607	23.571186573420366	2.0	13.419999999999945	0.55	1.3145042375341756	1.5073415702834894	1477010467400000.0
25.48201146134199	23.627988538657984	2.0	13.447499999999945	0.55	1.2725605532282325	1.5429159531119816	1477010467450000.0
25.522496720382804	23.68750327961717	2.0	13.474999999999945	0.55	1.229654555651988	1.5773235792836902	1477010467500000.0
25.560297978538696	23.749702021461278	2.0	13.502499999999944	0.55	1.1858186904212822	1.6105384296711318	1477010467550000.0
25.595452127702508	23.814547872297467	2.0	13.529999999999944	0.55	1.1410861063200528	1.6425353871266644	1477010467600000.0
25.628004065253425	23.881995934746552	2.0	13.557499999999944	0.55	1.095490630233147	1.673290255476133	1477010467650000.0
25.65800655827664	23.951993441723335	2.0	13.584999999999944	0.55	1.0490667415663526	1.7027797778160731	1477010467700000.0
25.685520083983157	24.02447991601682	2.0	13.612499999999944	0.55	1.0018495461729904	1.7309816541006358	1477010467750000.0
25.710612646812333	24.099387353187645	2.0	13.639999999999944	0.55	0.9538747498067848	1.7578745580049344	1477010467800000.0
25.733359572770308	24.17664042722967	2.0	13.667499999999944	0.55	0.9051786311210904	1.7834381530520618	1477010467850000.0
25.753843281626263	24.256156718373713	2.0	13.694999999999943	0.55	0.8557980142348889	1.8076531079915805	1477010467900000.0
25.772153037655475	24.337846962344504	2.0	13.722499999999943	0.55	0.8057702408863041	1.8305011114178618	1477010467950000.0
