L	0.23021	0.18858	1477010443000000	0.11000	0.10000	2.00000	0.00000
R	0.39197	0.43324	1.99445	1477010443050000	0.21000	0.10000	1.99924	0.05499
L	0.51170	0.17507	1477010443100000	0.30992	0.10008	1.99698	0.10994
R	0.44538	0.23622	2.03697	1477010443150000	0.40962	0.10038	1.99320	0.16481
L	0.38764	0.31169	1477010443200000	0.50894	0.10106	1.98791	0.21956
R	0.68785	0.18085	2.09922	1477010443250000	0.60774	0.10226	1.98112	0.27413
L	0.53885	0.40151	1477010443300000	0.70586	0.10414	1.97284	0.32850
R	0.78130	0.12140	2.05768	1477010443350000	0.80316	0.10684	1.96306	0.38263
L	1.01628	0.17720	1477010443400000	0.89950	0.11050	1.95179	0.43646
R	1.05798	0.12530	1.82973	1477010443450000	0.99474	0.11526	1.93906	0.48996
L	1.17625	0.08763	1477010443500000	1.08874	0.12126	1.92485	0.54309
R	1.21636	0.09767	1.73565	1477010443550000	1.18136	0.12864	1.90919	0.59582
L	1.35227	0.22477	1477010443600000	1.27249	0.13751	1.89208	0.64809
R	1.27342	0.10259	2.08155	1477010443650000	1.36199	0.14801	1.87355	0.69987
L	1.18287	0.25309	1477010443700000	1.44974	0.16026	1.85360	0.75112
R	1.61160	0.12354	1.97015	1477010443750000	1.53564	0.17436	1.83224	0.80180
L	1.65694	0.26888	1477010443800000	1.61957	0.19043	1.80950	0.85188
R	1.85836	0.13041	1.96741	1477010443850000	1.70142	0.20858	1.78540	0.90131
L	1.76962	0.00569	1477010443900000	1.78111	0.22889	1.75994	0.95006
R	1.93236	0.13268	1.72035	1477010443950000	1.85855	0.25145	1.73315	0.99810
L	1.92801	0.44609	1477010444000000	1.93364	0.27636	1.70505	1.04537
R	1.84132	0.17226	1.88725	1477010444050000	2.00632	0.30368	1.67566	1.09186
L	2.49318	0.37796	1477010444100000	2.07652	0.33348	1.64500	1.13752
R	1.96478	0.15295	1.61853	1477010444150000	2.14417	0.36583	1.61310	1.18233
L	2.52990	0.11099	1477010444200000	2.20922	0.40078	1.57998	1.22623
R	2.18756	0.18173	1.75494	1477010444250000	2.27163	0.43837	1.54567	1.26921
L	2.14320	0.52286	1477010444300000	2.33136	0.47864	1.51019	1.31123
R	2.46031	0.23338	1.77882	1477010444350000	2.38838	0.52162	1.47356	1.35226
L	2.46572	0.61142	1477010444400000	2.44266	0.56734	1.43582	1.39227
R	2.54351	0.23606	1.86667	1477010444450000	2.49420	0.61580	1.39700	1.43122
L	2.57418	0.38048	1477010444500000	2.54299	0.66701	1.35711	1.46910
R	2.95602	0.26935	1.58370	1477010444550000	2.58903	0.72097	1.31621	1.50586
L	2.60488	0.89951	1477010444600000	2.63234	0.77766	1.27430	1.54148
R	2.67735	0.30449	1.36775	1477010444650000	2.67294	0.83706	1.23144	1.57593
L	2.60241	0.66308	1477010444700000	2.71085	0.89915	1.18764	1.60920
R	2.82474	0.34083	1.57310	1477010444750000	2.74611	0.96389	1.14294	1.64125
L	2.90028	1.14120	1477010444800000	2.77877	1.03123	1.09738	1.67205
R	3.17530	0.36091	1.60127	1477010444850000	2.80888	1.10112	1.05099	1.70159
L	2.66776	1.01011	1477010444900000	2.83649	1.17351	1.00380	1.72985
R	3.12428	0.39689	1.57133	1477010444950000	2.86168	1.24832	0.95586	1.75680
L	2.54063	1.20929	1477010445000000	2.88452	1.32548	0.90719	1.78241
R	3.36356	0.44399	1.32166	1477010445050000	2.90510	1.40490	0.85784	1.80669
L	3.08661	1.34602	1477010445100000	2.92350	1.48650	0.80784	1.82959
R	3.20735	0.48490	1.65191	1477010445150000	2.93981	1.57019	0.75722	1.85111
L	2.71622	1.84110	1477010445200000	2.95415	1.65585	0.70604	1.87123
R	3.53685	0.52436	1.42261	1477010445250000	2.96661	1.74339	0.65432	1.88994
L	3.06810	1.75370	1477010445300000	2.97731	1.83269	0.60211	1.90722
R	3.67349	0.58697	1.57159	1477010445350000	2.98637	1.92363	0.54944	1.92305
L	2.73658	1.90388	1477010445400000	2.99392	2.01608	0.49635	1.93743
R	3.77262	0.61713	1.57104	1477010445450000	3.00008	2.10992	0.44289	1.95035
L	3.05250	2.17777	1477010445500000	3.00498	2.20502	0.38910	1.96179
R	3.65401	0.64499	1.42738	1477010445550000	3.00877	2.30123	0.33501	1.97174
L	2.85357	2.31729	1477010445600000	3.01158	2.39842	0.28066	1.98021
R	3.82016	0.63992	1.32641	1477010445650000	3.01354	2.49646	0.22611	1.98718
L	2.78968	2.36693	1477010445700000	3.01482	2.59518	0.17138	1.99264
R	4.15281	0.72533	1.21154	1477010445750000	3.01556	2.69444	0.11653	1.99660
L	2.87052	2.82180	1477010445800000	3.01590	2.79410	0.06158	1.99905
R	4.13970	0.78310	1.48436	1477010445850000	3.01599	2.89401	0.00659	1.99999
L	3.01530	2.90203	1477010445900000	3.01599	2.99401	-0.04840	1.99941
R	4.04497	0.82632	1.40630	1477010445950000	3.01605	3.09395	-0.10336	1.99733
L	2.81006	3.14891	1477010446000000	3.01632	3.19368	-0.15824	1.99373
R	4.51835	0.82351	1.44846	1477010446050000	3.01694	3.29306	-0.21300	1.98863
L	3.12509	3.67689	1477010446100000	3.01808	3.39192	-0.26760	1.98202
R	4.67101	0.81379	1.18825	1477010446150000	3.01987	3.49013	-0.32200	1.97391
L	3.03810	3.57485	1477010446200000	3.02246	3.58754	-0.37615	1.96431
R	4.81675	0.89743	1.07215	1477010446250000	3.02600	3.68400	-0.43002	1.95322
L	3.08027	3.82942	1477010446300000	3.03062	3.77938	-0.48357	1.94066
R	4.77906	0.93699	1.22759	1477010446350000	3.03647	3.87353	-0.53675	1.92663
L	3.03118	4.20321	1477010446400000	3.04367	3.96633	-0.58952	1.91114
R	4.81414	0.91203	0.98694	1477010446450000	3.05236	4.05764	-0.64185	1.89421
L	3.08383	4.19032	1477010446500000	3.06266	4.14734	-0.69369	1.87585
R	5.21239	0.93377	1.05321	1477010446550000	3.07469	4.23531	-0.74500	1.85606
L	3.09347	4.24730	1477010446600000	3.08856	4.32144	-0.79576	1.83488
R	5.39606	0.96258	0.97272	1477010446650000	3.10439	4.40561	-0.84591	1.81230
L	3.24612	4.34696	1477010446700000	3.12228	4.48772	-0.89542	1.78836
R	5.27176	0.96284	0.77500	1477010446750000	3.14233	4.56767	-0.94426	1.76306
L	3.12265	4.39216	1477010446800000	3.16462	4.64538	-0.99238	1.73643
R	5.73530	0.95669	0.94787	1477010446850000	3.18924	4.72076	-1.03975	1.70849
L	3.29767	4.66966	1477010446900000	3.21626	4.79374	-1.08633	1.67925
R	5.82735	0.97903	0.39599	1477010446950000	3.24577	4.86423	-1.13210	1.64874
L	3.13144	4.87658	1477010447000000	3.27781	4.93219	-1.17700	1.61699
R	5.62287	0.99459	0.68421	1477010447050000	3.31244	4.99756	-1.22102	1.58402
L	3.15842	4.97463	1477010447100000	3.34971	5.06029	-1.26411	1.54985
R	5.68548	0.98750	0.46072	1477010447150000	3.38966	5.12034	-1.30625	1.51450
L	3.64606	5.02417	1477010447200000	3.43232	5.17768	-1.34740	1.47801
R	6.33678	0.98969	0.41537	1477010447250000	3.47771	5.23229	-1.38753	1.44040
L	3.76116	5.47476	1477010447300000	3.52584	5.28416	-1.42661	1.40171
R	6.30293	0.96611	0.09040	1477010447350000	3.57672	5.33328	-1.46461	1.36195
L	3.54173	5.40177	1477010447400000	3.63035	5.37965	-1.50151	1.32116
R	6.65997	0.99693	0.15561	1477010447450000	3.68671	5.42329	-1.53727	1.27938
L	3.57701	5.37019	1477010447500000	3.74579	5.46421	-1.57187	1.23662
R	6.42012	0.97977	-0.16150	1477010447550000	3.80756	5.50244	-1.60527	1.19293
L	3.69711	5.79998	1477010447600000	3.87198	5.53802	-1.63747	1.14834
R	6.93651	0.98596	0.03646	1477010447650000	3.93901	5.57099	-1.66843	1.10289
L	3.85853	5.64414	1477010447700000	4.00861	5.60139	-1.69812	1.05659
R	6.76550	0.96476	-0.39715	1477010447750000	4.08070	5.62930	-1.72653	1.00950
L	4.32397	5.88159	1477010447800000	4.15522	5.65478	-1.75364	0.96165
R	7.17864	0.93432	-0.18017	1477010447850000	4.23210	5.67790	-1.77941	0.91306
L	4.59766	5.39621	1477010447900000	4.31126	5.69874	-1.80385	0.86379
R	7.45186	0.93922	-0.19807	1477010447950000	4.39260	5.71740	-1.82692	0.81386
L	4.69472	5.32360	1477010448000000	4.47604	5.73396	-1.84860	0.76332
R	7.26936	0.88662	-0.48302	1477010448050000	4.56148	5.74852	-1.86889	0.71220
L	4.58652	5.34955	1477010448100000	4.64880	5.76120	-1.88777	0.66055
R	7.47417	0.88001	-0.64456	1477010448150000	4.73789	5.77211	-1.90522	0.60839
L	4.76668	5.53638	1477010448200000	4.82864	5.78136	-1.92123	0.55577
R	7.57393	0.86649	-0.77804	1477010448250000	4.92091	5.78909	-1.93578	0.50273
L	4.98390	5.67728	1477010448300000	5.01460	5.79540	-1.94888	0.44932
R	7.49857	0.85429	-0.96102	1477010448350000	5.10955	5.80045	-1.96049	0.39556
L	5.15602	5.95365	1477010448400000	5.20564	5.80436	-1.97063	0.34150
R	7.94709	0.81798	-0.83395	1477010448450000	5.30272	5.80728	-1.97927	0.28719
L	5.37684	5.86664	1477010448500000	5.40066	5.80934	-1.98642	0.23266
R	8.24890	0.83414	-1.43952	1477010448550000	5.49931	5.81069	-1.99207	0.17795
L	5.37475	5.75084	1477010448600000	5.59851	5.81149	-1.99621	0.12311
R	8.14547	0.82908	-1.39694	1477010448650000	5.69814	5.81186	-1.99884	0.06817
L	5.76888	5.87967	1477010448700000	5.79802	5.81198	-1.99996	0.01319
R	8.17333	0.75685	-1.41906	1477010448750000	5.89801	5.81199	-1.99956	-0.04181
L	5.94617	5.79767	1477010448800000	5.99797	5.81203	-1.99766	-0.09678
R	8.32478	0.78158	-1.56997	1477010448850000	6.09774	5.81226	-1.99424	-0.15167
L	5.95674	5.82550	1477010448900000	6.19716	5.81284	-1.98932	-0.20645
R	8.71368	0.72739	-1.48188	1477010448950000	6.29610	5.81390	-1.98289	-0.26107
L	6.45023	5.75736	1477010449000000	6.39439	5.81561	-1.97496	-0.31549
R	8.42548	0.77033	-1.67768	1477010449050000	6.49190	5.81810	-1.96554	-0.36968
L	6.61751	5.88939	1477010449100000	6.58849	5.82151	-1.95463	-0.42358
R	9.06192	0.72100	-1.79456	1477010449150000	6.68400	5.82600	-1.94224	-0.47717
L	6.84698	6.08333	1477010449200000	6.77831	5.83169	-1.92839	-0.53039
R	9.24030	0.69891	-1.80427	1477010449250000	6.87128	5.83872	-1.91308	-0.58322
L	6.76272	5.66554	1477010449300000	6.96277	5.84723	-1.89632	-0.63560
R	9.01219	0.71384	-2.05192	1477010449350000	7.05267	5.85733	-1.87812	-0.68750
L	7.16365	5.79580	1477010449400000	7.14086	5.86914	-1.85851	-0.73888
R	9.03452	0.68145	-2.06702	1477010449450000	7.22721	5.88279	-1.83749	-0.78971
L	7.16895	6.06211	1477010449500000	7.31162	5.89838	-1.81508	-0.83993
R	9.38877	0.67704	-1.90547	1477010449550000	7.39398	5.91602	-1.79130	-0.88952
L	7.57804	5.96882	1477010449600000	7.47420	5.93580	-1.76616	-0.93844
R	9.70091	0.67261	-1.73310	1477010449650000	7.55218	5.95782	-1.73969	-0.98665
L	7.66238	5.98273	1477010449700000	7.62785	5.98215	-1.71190	-1.03411
R	9.84662	0.65206	-1.87746	1477010449750000	7.70111	6.00889	-1.68282	-1.08079
L	7.83419	6.27968	1477010449800000	7.77191	6.03809	-1.65247	-1.12665
R	9.94403	0.66416	-1.82977	1477010449850000	7.84017	6.06983	-1.62086	-1.17167
L	8.06332	6.38582	1477010449900000	7.90585	6.10415	-1.58803	-1.21579
R	9.89846	0.67157	-1.62288	1477010449950000	7.96890	6.14110	-1.55400	-1.25900
L	7.98288	5.96825	1477010450000000	8.02927	6.18073	-1.51880	-1.30125
R	10.20027	0.66867	-2.03527	1477010450050000	8.08694	6.22306	-1.48244	-1.34252
L	8.06475	6.08189	1477010450100000	8.14188	6.26812	-1.44497	-1.38277
R	10.35136	0.63552	-1.96623	1477010450150000	8.19408	6.31592	-1.40640	-1.42198
L	8.14311	6.21177	1477010450200000	8.24353	6.36647	-1.36677	-1.46012
R	10.48050	0.65853	-1.76329	1477010450250000	8.29023	6.41977	-1.32610	-1.49715
L	8.35445	6.42931	1477010450300000	8.33420	6.47580	-1.28444	-1.53304
R	10.49800	0.66904	-2.05071	1477010450350000	8.37544	6.53456	-1.24180	-1.56778
L	8.54607	6.54681	1477010450400000	8.41399	6.59601	-1.19822	-1.60133
R	10.77261	0.68835	-1.79489	1477010450450000	8.44989	6.66011	-1.15374	-1.63367
L	8.34971	6.86694	1477010450500000	8.48316	6.72684	-1.10838	-1.66478
R	10.97244	0.66507	-1.92792	1477010450550000	8.51388	6.79612	-1.06218	-1.69463
L	8.76677	6.68206	1477010450600000	8.54208	6.86792	-1.01519	-1.72319
R	10.98560	0.69295	-1.84590	1477010450650000	8.56785	6.94215	-0.96742	-1.75046
L	8.48857	6.95876	1477010450700000	8.59124	7.01876	-0.91892	-1.77640
R	11.06669	0.70272	-2.02143	1477010450750000	8.61235	7.09765	-0.86973	-1.80099
L	9.21726	7.19400	1477010450800000	8.63127	7.17873	-0.81988	-1.82422
R	11.37985	0.70920	-1.71916	1477010450850000	8.64807	7.26193	-0.76941	-1.84608
L	8.76799	7.66355	1477010450900000	8.66287	7.34713	-0.71836	-1.86654
R	11.23312	0.67910	-1.71467	1477010450950000	8.67577	7.43423	-0.66676	-1.88558
L	8.72783	7.45026	1477010451000000	8.68689	7.52311	-0.61467	-1.90320
R	11.79327	0.72507	-1.72494	1477010451050000	8.69633	7.61367	-0.56210	-1.91939
L	8.73002	7.56889	1477010451100000	8.70423	7.70577	-0.50911	-1.93412
R	11.66713	0.73329	-1.71827	1477010451150000	8.71071	7.79929	-0.45574	-1.94738
L	8.76242	7.94519	1477010451200000	8.71590	7.89410	-0.40202	-1.95918
R	11.95386	0.73965	-1.79463	1477010451250000	8.71994	7.99006	-0.34800	-1.96949
L	8.98722	7.97542	1477010451300000	8.72297	8.08703	-0.29371	-1.97832
R	12.00770	0.78276	-1.69269	1477010451350000	8.72513	8.18487	-0.23920	-1.98564
L	8.90792	8.09058	1477010451400000	8.72656	8.28344	-0.18452	-1.99147
R	12.10068	0.78100	-1.27632	1477010451450000	8.72741	8.38259	-0.12969	-1.99579
L	8.77765	8.58930	1477010451500000	8.72783	8.48217	-0.07476	-1.99860
R	12.33215	0.78028	-1.35363	1477010451550000	8.72797	8.58203	-0.01978	-1.99990
L	8.51722	8.72425	1477010451600000	8.72798	8.68202	0.03522	-1.99969
R	12.38032	0.77717	-1.35948	1477010451650000	8.72801	8.78199	0.09019	-1.99797
L	8.87767	8.94235	1477010451700000	8.72821	8.88179	0.14509	-1.99473
R	12.52141	0.81488	-0.95184	1477010451750000	8.72874	8.98126	0.19989	-1.98999
L	8.84949	9.33243	1477010451800000	8.72974	9.08026	0.25453	-1.98374
R	12.84063	0.82512	-1.17284	1477010451850000	8.73136	9.17864	0.30898	-1.97599
L	8.69399	9.08600	1477010451900000	8.73375	9.27625	0.36320	-1.96675
R	13.07423	0.77647	-1.48898	1477010451950000	8.73704	9.37296	0.41714	-1.95602
L	8.59929	9.46028	1477010452000000	8.74139	9.46861	0.47076	-1.94381
R	12.92370	0.81876	-0.94400	1477010452050000	8.74693	9.56307	0.52403	-1.93013
L	8.91511	9.84604	1477010452100000	8.75380	9.65620	0.57691	-1.91499
R	13.11628	0.83536	-0.95996	1477010452150000	8.76212	9.74788	0.62934	-1.89840
L	8.67248	9.68775	1477010452200000	8.77202	9.83798	0.68131	-1.88038
R	13.31511	0.84134	-0.84753	1477010452250000	8.78363	9.92637	0.73275	-1.86093
L	8.65793	9.93044	1477010452300000	8.79705	10.01295	0.78364	-1.84008
R	13.30755	0.87484	-0.79036	1477010452350000	8.81240	10.09760	0.83394	-1.81784
L	8.78102	10.21812	1477010452400000	8.82979	10.18021	0.88361	-1.79422
R	13.63539	0.88712	-0.83786	1477010452450000	8.84931	10.26069	0.93261	-1.76925
L	8.98364	10.21050	1477010452500000	8.87105	10.33895	0.98091	-1.74293
R	13.58999	0.85442	-0.49797	1477010452550000	8.89511	10.41489	1.02846	-1.71530
L	8.84288	10.59275	1477010452600000	8.92155	10.48845	1.07524	-1.68638
R	13.91145	0.86225	-0.76437	1477010452650000	8.95045	10.55955	1.12120	-1.65617
L	9.09857	10.45497	1477010452700000	8.98188	10.62812	1.16632	-1.62472
R	14.01245	0.85870	-0.48427	1477010452750000	9.01589	10.69411	1.21055	-1.59203
L	9.23344	10.73790	1477010452800000	9.05252	10.75748	1.25387	-1.55815
R	14.11007	0.88664	-0.31022	1477010452850000	9.09183	10.81817	1.29624	-1.52308
L	8.82995	10.68100	1477010452900000	9.13383	10.87617	1.33763	-1.48686
R	13.91837	0.89763	-0.34335	1477010452950000	9.17856	10.93144	1.37800	-1.44952
L	9.17690	11.06332	1477010453000000	9.22604	10.98396	1.41734	-1.41108
R	14.59765	0.88149	-0.14421	1477010453050000	9.27626	11.03374	1.45560	-1.37158
L	8.86783	11.39692	1477010453100000	9.32923	11.08077	1.49277	-1.33103
R	14.41699	0.87711	-0.06936	1477010453150000	9.38494	11.12506	1.52880	-1.28948
L	9.43646	11.41627	1477010453200000	9.44337	11.16663	1.56368	-1.24696
R	14.82606	0.85071	0.37179	1477010453250000	9.50449	11.20551	1.59738	-1.20349
L	9.74469	11.30728	1477010453300000	9.56828	11.24172	1.62986	-1.15911
R	14.69144	0.86148	0.22059	1477010453350000	9.63470	11.27530	1.66112	-1.11386
L	9.89880	11.30450	1477010453400000	9.70368	11.30632	1.69112	-1.06776
R	15.30958	0.86946	0.54689	1477010453450000	9.77518	11.33482	1.71984	-1.02086
L	9.94908	11.21991	1477010453500000	9.84912	11.36088	1.74726	-0.97319
R	15.18887	0.85329	0.54704	1477010453550000	9.92544	11.38456	1.77336	-0.92477
L	10.01857	11.51364	1477010453600000	10.00406	11.40594	1.79811	-0.87566
R	15.31647	0.86425	0.46993	1477010453650000	10.08489	11.42511	1.82151	-0.82589
L	10.08749	11.38159	1477010453700000	10.16784	11.44216	1.84353	-0.77549
R	15.37045	0.82195	0.95898	1477010453750000	10.25281	11.45719	1.86416	-0.72451
L	10.67507	11.63785	1477010453800000	10.33968	11.47032	1.88338	-0.67298
R	15.61091	0.81342	0.97543	1477010453850000	10.42836	11.48164	1.90117	-0.62094
L	10.65831	11.32596	1477010453900000	10.51872	11.49128	1.91752	-0.56843
R	15.45227	0.80329	1.23501	1477010453950000	10.61065	11.49935	1.93243	-0.51549
L	10.78812	11.14696	1477010454000000	10.70400	11.50600	1.94587	-0.46216
R	15.83456	0.80998	1.11514	1477010454050000	10.79866	11.51134	1.95784	-0.40848
L	11.03969	11.68829	1477010454100000	10.89449	11.51551	1.96833	-0.35449
R	15.89244	0.82707	0.96604	1477010454150000	10.99135	11.51865	1.97734	-0.30023
L	11.08106	11.47922	1477010454200000	11.08910	11.52090	1.98484	-0.24575
R	15.98777	0.78002	1.32956	1477010454250000	11.18759	11.52241	1.99085	-0.19108
L	11.21445	11.24323	1477010454300000	11.28667	11.52333	1.99535	-0.13626
R	16.06160	0.79499	1.38200	1477010454350000	11.38621	11.52379	1.99834	-0.08135
L	11.41792	11.49078	1477010454400000	11.48604	11.52396	1.99983	-0.02637
R	16.46943	0.80079	1.24597	1477010454450000	11.58603	11.52397	1.99980	0.02863
L	11.85703	11.41097	1477010454500000	11.68601	11.52399	1.99825	0.08361
R	16.39827	0.78630	1.66383	1477010454550000	11.78583	11.52417	1.99520	0.13852
L	11.86288	11.31750	1477010454600000	11.88535	11.52465	1.99063	0.19333
R	16.54729	0.77630	1.77910	1477010454650000	11.98442	11.52558	1.98457	0.24799
L	12.11780	11.57154	1477010454700000	12.08288	11.52712	1.97700	0.30246
R	16.87593	0.76590	1.71349	1477010454750000	12.18059	11.52941	1.96793	0.35671
L	12.25604	11.60325	1477010454800000	12.27741	11.53259	1.95738	0.41069
R	16.89854	0.75553	1.93636	1477010454850000	12.37320	11.53680	1.94535	0.46435
L	12.53616	11.43336	1477010454900000	12.46780	11.54220	1.93184	0.51767
R	17.26439	0.76170	1.74285	1477010454950000	12.56111	11.54889	1.91688	0.57059
L	12.59716	11.70921	1477010455000000	12.65297	11.55703	1.90047	0.62308
R	17.08314	0.73432	1.88623	1477010455050000	12.74326	11.56674	1.88261	0.67510
L	13.04168	11.66686	1477010455100000	12.83187	11.57813	1.86334	0.72661
R	17.30851	0.71421	1.96048	1477010455150000	12.91867	11.59133	1.84266	0.77757
L	12.83586	11.77865	1477010455200000	13.00355	11.60645	1.82058	0.82795
R	17.31987	0.74296	2.01876	1477010455250000	13.08641	11.62359	1.79712	0.87769
L	13.26292	11.57889	1477010455300000	13.16716	11.64284	1.77231	0.92678
R	17.55147	0.71689	1.83387	1477010455350000	13.24568	11.66432	1.74616	0.97516
L	12.97350	11.72756	1477010455400000	13.32191	11.68809	1.71868	1.02280
R	17.76931	0.72725	2.02168	1477010455450000	13.39576	11.71424	1.68991	1.06967
L	13.40174	12.18995	1477010455500000	13.46715	11.74285	1.65986	1.11574
R	17.72078	0.72521	1.98460	1477010455550000	13.53603	11.77397	1.62855	1.16095
L	13.64353	11.49778	1477010455600000	13.60233	11.80767	1.59601	1.20530
R	18.13559	0.71809	1.99717	1477010455650000	13.66602	11.84398	1.56227	1.24872
L	13.90967	11.66589	1477010455700000	13.72703	11.88297	1.52734	1.29121
R	18.07992	0.69536	2.05107	1477010455750000	13.78535	11.92465	1.49126	1.33272
L	13.84944	12.06767	1477010455800000	13.84095	11.96905	1.45405	1.37322
R	18.44197	0.68546	2.10702	1477010455850000	13.89381	12.01619	1.41574	1.41268
L	14.16272	12.03116	1477010455900000	13.94391	12.06609	1.37637	1.45107
R	18.28519	0.71107	2.11771	1477010455950000	13.99127	12.11873	1.33595	1.48837
L	14.09764	12.27951	1477010456000000	14.03589	12.17411	1.29452	1.52454
R	18.74132	0.72216	2.12133	1477010456050000	14.07779	12.23221	1.25211	1.55956
L	14.02254	12.30386	1477010456100000	14.11698	12.29302	1.20875	1.59340
R	18.67850	0.71007	1.93246	1477010456150000	14.15351	12.35649	1.16448	1.62603
L	14.22122	12.41857	1477010456200000	14.18741	12.42259	1.11933	1.65744
R	18.95343	0.71657	2.00014	1477010456250000	14.21873	12.49127	1.07333	1.68759
L	14.15001	12.55076	1477010456300000	14.24753	12.56247	1.02652	1.71646
R	18.99977	0.74341	2.06405	1477010456350000	14.27388	12.63612	0.97894	1.74404
L	14.29144	12.61920	1477010456400000	14.29783	12.71217	0.93061	1.77030
R	18.84027	0.73128	1.75664	1477010456450000	14.31948	12.79052	0.88159	1.79522
L	14.30521	12.49570	1477010456500000	14.33891	12.87109	0.83189	1.81878
R	19.47425	0.72158	2.00750	1477010456550000	14.35622	12.95378	0.78157	1.84097
L	14.41565	12.93591	1477010456600000	14.37149	13.03851	0.73065	1.86176
R	19.51811	0.73847	1.85036	1477010456650000	14.38483	13.12517	0.67918	1.88115
L	14.42404	13.09113	1477010456700000	14.39636	13.21364	0.62720	1.89911
R	19.62256	0.75151	1.75733	1477010456750000	14.40620	13.30380	0.57474	1.91564
L	14.47137	13.29689	1477010456800000	14.41446	13.39554	0.52185	1.93072
R	19.93794	0.76090	1.51230	1477010456850000	14.42127	13.48873	0.46857	1.94434
L	14.46560	13.73047	1477010456900000	14.42675	13.58325	0.41493	1.95649
R	19.98589	0.76799	1.34097	1477010456950000	14.43106	13.67894	0.36097	1.96715
L	14.16713	13.96391	1477010457000000	14.43432	13.77568	0.30675	1.97634
R	20.07264	0.77694	1.30472	1477010457050000	14.43667	13.87333	0.25229	1.98402
L	14.36981	13.91841	1477010457100000	14.43826	13.97174	0.19764	1.99021
R	20.39690	0.77112	1.69044	1477010457150000	14.43924	14.07076	0.14284	1.99489
L	14.39429	14.05454	1477010457200000	14.43975	14.17025	0.08793	1.99807
R	20.18876	0.78373	1.26739	1477010457250000	14.43994	14.27006	0.03296	1.99973
L	14.23478	14.42493	1477010457300000	14.43997	14.37003	-0.02204	1.99988
R	20.40636	0.76253	1.18719	1477010457350000	14.43998	14.47002	-0.07702	1.99852
L	14.42362	14.84199	1477010457400000	14.44013	14.56987	-0.13194	1.99564
R	20.56206	0.79717	1.27205	1477010457450000	14.44056	14.66944	-0.18676	1.99126
L	14.23447	14.71924	1477010457500000	14.44143	14.76857	-0.24145	1.98537
R	20.64007	0.79494	1.13104	1477010457550000	14.44289	14.86711	-0.29595	1.97798
L	14.32328	15.20485	1477010457600000	14.44508	14.96492	-0.35022	1.96910
R	21.05746	0.80047	1.24263	1477010457650000	14.44815	15.06185	-0.40423	1.95872
L	14.33547	15.11948	1477010457700000	14.45223	15.15777	-0.45794	1.94687
R	21.14728	0.79258	0.93645	1477010457750000	14.45748	15.25252	-0.51130	1.93354
L	14.61366	15.54875	1477010457800000	14.46401	15.34599	-0.56427	1.91875
R	21.32059	0.81889	0.96013	1477010457850000	14.47197	15.43803	-0.61681	1.90251
L	14.39254	15.30803	1477010457900000	14.48148	15.52852	-0.66889	1.88483
R	21.35447	0.80247	0.88793	1477010457950000	14.49267	15.61733	-0.72047	1.86572
L	14.42855	15.69622	1477010458000000	14.50565	15.70435	-0.77150	1.84521
R	21.58283	0.83167	0.56720	1477010458050000	14.52053	15.78947	-0.82194	1.82330
L	14.64482	16.03125	1477010458100000	14.53742	15.87258	-0.87176	1.80001
R	21.43528	0.83679	0.75095	1477010458150000	14.55641	15.95359	-0.92093	1.77536
L	14.38383	15.70382	1477010458200000	14.57762	16.03238	-0.96940	1.74936
R	21.69635	0.83646	0.53299	1477010458250000	14.60111	16.10889	-1.01713	1.72205
L	14.98100	16.30439	1477010458300000	14.62697	16.18303	-1.06410	1.69343
R	22.10376	0.82089	0.47287	1477010458350000	14.65528	16.25472	-1.11026	1.66353
L	14.66768	16.50251	1477010458400000	14.68610	16.32390	-1.15558	1.63237
R	22.09671	0.82689	0.26377	1477010458450000	14.71948	16.39052	-1.20003	1.59998
L	14.53549	16.63268	1477010458500000	14.75548	16.45452	-1.24357	1.56638
R	22.31968	0.81280	0.12753	1477010458550000	14.79415	16.51585	-1.28617	1.53159
L	14.80318	16.53613	1477010458600000	14.83550	16.57450	-1.32779	1.49565
R	22.61865	0.87232	0.06390	1477010458650000	14.87958	16.63042	-1.36842	1.45857
L	14.84785	16.56962	1477010458700000	14.92639	16.68361	-1.40801	1.42039
R	22.45940	0.84314	-0.04803	1477010458750000	14.97595	16.73405	-1.44653	1.38114
L	15.29965	16.81632	1477010458800000	15.02827	16.78173	-1.48396	1.34084
R	22.67256	0.85916	-0.08322	1477010458850000	15.08332	16.82668	-1.52027	1.29953
L	15.19174	16.84615	1477010458900000	15.14110	16.86890	-1.55542	1.25724
R	22.84009	0.83007	-0.40659	1477010458950000	15.20158	16.90842	-1.58941	1.21400
L	15.27474	16.75822	1477010459000000	15.26474	16.94526	-1.62219	1.16983
R	22.90303	0.84628	-0.28354	1477010459050000	15.33053	16.97947	-1.65374	1.12479
L	15.44718	16.71971	1477010459100000	15.39890	17.01110	-1.68404	1.07889
R	23.01493	0.81389	-0.42237	1477010459150000	15.46980	17.04020	-1.71307	1.03218
L	15.67142	17.18401	1477010459200000	15.54316	17.06684	-1.74080	0.98468
R	22.91559	0.80620	-0.27743	1477010459250000	15.61892	17.09108	-1.76722	0.93644
L	15.79656	17.21620	1477010459300000	15.69700	17.11300	-1.79230	0.88750
R	23.34709	0.79370	-0.52969	1477010459350000	15.77731	17.13269	-1.81603	0.83788
L	15.82799	16.81045	1477010459400000	15.85976	17.15024	-1.83838	0.78763
R	23.57660	0.79404	-0.54103	1477010459450000	15.94425	17.16575	-1.85934	0.73678
L	15.77874	17.05123	1477010459500000	16.03068	17.17932	-1.87890	0.68538
R	23.54430	0.78928	-0.98888	1477010459550000	16.11893	17.19107	-1.89703	0.63346
L	16.29269	17.36138	1477010459600000	16.20890	17.20110	-1.91373	0.58105
R	24.15154	0.78842	-0.98802	1477010459650000	16.30046	17.20954	-1.92899	0.52821
L	16.49415	17.19884	1477010459700000	16.39348	17.21652	-1.94278	0.47497
R	23.59093	0.81373	-1.03184	1477010459750000	16.48784	17.22216	-1.95511	0.42137
L	16.58040	17.21094	1477010459800000	16.58341	17.22659	-1.96595	0.36746
R	24.08851	0.81790	-0.84259	1477010459850000	16.68003	17.22997	-1.97531	0.31326
L	17.00853	17.32647	1477010459900000	16.77758	17.23242	-1.98318	0.25883
R	23.91161	0.81882	-1.29165	1477010459950000	16.87590	17.23410	-1.98955	0.20420
L	17.16534	17.17776	1477010460000000	16.97486	17.23514	-1.99441	0.14942
R	24.32529	0.79083	-1.47879	1477010460050000	17.07430	17.23570	-1.99777	0.09452
L	17.26841	17.15348	1477010460100000	17.17408	17.23592	-1.99961	0.03955
R	24.38837	0.82506	-1.39549	1477010460150000	17.27404	17.23596	-1.99994	-0.01544
L	17.48148	17.39565	1477010460200000	17.37403	17.23597	-1.99876	-0.07043
R	24.59414	0.79258	-1.10508	1477010460250000	17.47391	17.23609	-1.99607	-0.12536
L	17.45913	17.30742	1477010460300000	17.57352	17.23648	-1.99187	-0.18020
R	24.67842	0.78539	-1.43619	1477010460350000	17.67270	17.23730	-1.98616	-0.23490
L	17.73707	17.41315	1477010460400000	17.77132	17.23868	-1.97895	-0.28942
R	24.83855	0.75373	-1.65763	1477010460450000	17.86923	17.24077	-1.97024	-0.34373
L	17.86585	17.09474	1477010460500000	17.96628	17.24372	-1.96004	-0.39777
R	25.01756	0.77415	-1.42917	1477010460550000	18.06232	17.24768	-1.94837	-0.45152
L	18.11859	17.13297	1477010460600000	18.15722	17.25278	-1.93521	-0.50492
R	25.23399	0.76557	-1.47967	1477010460650000	18.25085	17.25915	-1.92060	-0.55794
L	18.55565	17.29840	1477010460700000	18.34307	17.26693	-1.90453	-0.61054
R	25.27475	0.74036	-1.98406	1477010460750000	18.43375	17.27625	-1.88702	-0.66268
L	18.51253	17.29835	1477010460800000	18.52277	17.28723	-1.86809	-0.71431
R	25.40962	0.74856	-1.91231	1477010460850000	18.61001	17.29999	-1.84774	-0.76541
L	18.78141	17.26055	1477010460900000	18.69537	17.31463	-1.82600	-0.81593
R	25.50378	0.74174	-1.82817	1477010460950000	18.77873	17.33127	-1.80287	-0.86583
L	18.70112	17.20465	1477010461000000	18.85998	17.35002	-1.77838	-0.91507
R	25.44433	0.73214	-1.78535	1477010461050000	18.93905	17.37095	-1.75255	-0.96363
L	18.76615	17.13733	1477010461100000	19.01584	17.39416	-1.72539	-1.01145
R	25.93936	0.75921	-1.85171	1477010461150000	19.09026	17.41974	-1.69693	-1.05851
L	19.10867	17.59050	1477010461200000	19.16225	17.44775	-1.66718	-1.10477
R	26.09080	0.73362	-2.08500	1477010461250000	19.23174	17.47826	-1.63617	-1.15019
L	19.57190	17.24095	1477010461300000	19.29866	17.51134	-1.60393	-1.19475
R	25.80738	0.73507	-1.54630	1477010461350000	19.36298	17.54702	-1.57047	-1.23840
L	19.23627	17.66720	1477010461400000	19.42464	17.58536	-1.53582	-1.28111
R	26.35952	0.72418	-2.14498	1477010461450000	19.48360	17.62640	-1.50002	-1.32286
L	19.79434	17.84787	1477010461500000	19.53986	17.67014	-1.46308	-1.36360
R	26.10692	0.74343	-2.17488	1477010461550000	19.59337	17.71663	-1.42503	-1.40332
L	19.51535	17.86684	1477010461600000	19.64414	17.76586	-1.38590	-1.44197
R	26.56602	0.71567	-1.83911	1477010461650000	19.69216	17.81784	-1.34573	-1.47953
L	19.47166	18.08796	1477010461700000	19.73743	17.87257	-1.30454	-1.51597
R	26.70125	0.72693	-1.82418	1477010461750000	19.77998	17.93002	-1.26236	-1.55127
L	19.77232	18.03913	1477010461800000	19.81982	17.99018	-1.21923	-1.58540
R	26.86234	0.72844	-1.91991	1477010461850000	19.85698	18.05302	-1.17518	-1.61832
L	19.90207	18.00275	1477010461900000	19.89150	18.11850	-1.13023	-1.65002
R	26.74100	0.73976	-1.80254	1477010461950000	19.92344	18.18656	-1.08444	-1.68048
L	20.00210	18.24850	1477010462000000	19.95284	18.25716	-1.03782	-1.70966
R	27.02177	0.73704	-1.77026	1477010462050000	19.97977	18.33023	-0.99042	-1.73755
L	19.71915	18.65908	1477010462100000	20.00429	18.40571	-0.94227	-1.76412
R	27.23188	0.74059	-1.94627	1477010462150000	20.02649	18.48351	-0.89340	-1.78937
L	20.07016	18.49654	1477010462200000	20.04644	18.56356	-0.84386	-1.81326
R	27.09105	0.71766	-1.68182	1477010462250000	20.06424	18.64576	-0.79368	-1.83577
L	20.29175	18.72945	1477010462300000	20.07999	18.73001	-0.74291	-1.85690
R	27.66638	0.77208	-1.50015	1477010462350000	20.09379	18.81621	-0.69157	-1.87663
L	20.05904	19.13707	1477010462400000	20.10575	18.90425	-0.63971	-1.89493
R	27.74704	0.74642	-1.85332	1477010462450000	20.11598	18.99402	-0.58736	-1.91181
L	20.15656	19.20812	1477010462500000	20.12460	19.08540	-0.53457	-1.92724
R	27.90992	0.75528	-1.66720	1477010462550000	20.13175	19.17825	-0.48138	-1.94121
L	20.13558	19.20954	1477010462600000	20.13754	19.27246	-0.42782	-1.95371
R	28.02724	0.78240	-1.41059	1477010462650000	20.14211	19.36789	-0.37393	-1.96473
L	20.05109	19.47436	1477010462700000	20.14561	19.46439	-0.31977	-1.97427
R	28.17853	0.80374	-1.65026	1477010462750000	20.14817	19.56183	-0.26536	-1.98232
L	20.00142	19.76412	1477010462800000	20.14993	19.66007	-0.21076	-1.98886
R	28.18635	0.76183	-1.26745	1477010462850000	20.15104	19.75896	-0.15599	-1.99391
L	20.24035	20.08705	1477010462900000	20.15165	19.85835	-0.10111	-1.99744
R	28.60851	0.78137	-1.14911	1477010462950000	20.15190	19.95810	-0.04614	-1.99947
L	20.27991	19.95159	1477010463000000	20.15195	20.05805	0.00885	-1.99998
R	28.61400	0.76992	-1.12226	1477010463050000	20.15196	20.15804	0.06384	-1.99898
L	20.33113	20.19962	1477010463100000	20.15206	20.25794	0.11878	-1.99647
R	28.84893	0.79034	-1.32139	1477010463150000	20.15241	20.35759	0.17363	-1.99245
L	20.53706	20.52028	1477010463200000	20.15316	20.45684	0.22835	-1.98692
R	28.92909	0.77796	-1.01440	1477010463250000	20.15447	20.55553	0.28290	-1.97989
L	20.37375	20.89158	1477010463300000	20.15647	20.65353	0.33723	-1.97136
R	28.87252	0.78830	-1.22365	1477010463350000	20.15931	20.75069	0.39131	-1.96135
L	20.39408	21.02564	1477010463400000	20.16314	20.84686	0.44509	-1.94984
R	28.98712	0.81282	-1.07685	1477010463450000	20.16809	20.94191	0.49854	-1.93687
L	20.26650	20.80672	1477010463500000	20.17431	21.03569	0.55161	-1.92243
R	29.15163	0.79610	-1.11232	1477010463550000	20.18191	21.12809	0.60426	-1.90653
L	20.16089	21.18504	1477010463600000	20.19104	21.21896	0.65645	-1.88920
R	29.25065	0.79975	-1.15999	1477010463650000	20.20181	21.30819	0.70815	-1.87043
L	20.16209	21.28426	1477010463700000	20.21435	21.39565	0.75931	-1.85025
R	29.44718	0.80525	-0.77277	1477010463750000	20.22877	21.48123	0.80990	-1.82868
L	20.06245	21.73895	1477010463800000	20.24516	21.56484	0.85988	-1.80572
R	29.61665	0.81757	-0.51548	1477010463850000	20.26365	21.64635	0.90920	-1.78139
L	20.45458	21.56625	1477010463900000	20.28432	21.72568	0.95784	-1.75572
R	29.76867	0.79714	-0.59643	1477010463950000	20.30725	21.80275	1.00576	-1.72871
L	20.00932	21.76506	1477010464000000	20.33254	21.87746	1.05291	-1.70041
R	30.06675	0.80676	-0.37877	1477010464050000	20.36026	21.94974	1.09927	-1.67081
L	20.49407	22.13900	1477010464100000	20.39047	22.01953	1.14479	-1.63995
R	30.31114	0.84450	-0.22081	1477010464150000	20.42323	22.08677	1.18945	-1.60786
L	20.38211	22.01010	1477010464200000	20.45860	22.15140	1.23321	-1.57454
R	30.05472	0.80744	-0.24113	1477010464250000	20.49662	22.21338	1.27604	-1.54004
L	20.55406	22.17970	1477010464300000	20.53733	22.27267	1.31791	-1.50437
R	30.56132	0.84656	-0.57898	1477010464350000	20.58075	22.32925	1.35877	-1.46756
L	20.56329	22.23571	1477010464400000	20.62691	22.38309	1.39861	-1.42965
R	30.21596	0.82084	0.01427	1477010464450000	20.67581	22.43419	1.43739	-1.39065
L	20.85029	22.46294	1477010464500000	20.72746	22.48254	1.47509	-1.35060
R	30.59729	0.85049	0.04332	1477010464550000	20.78186	22.52814	1.51167	-1.30953
L	20.79709	22.48973	1477010464600000	20.83899	22.57101	1.54710	-1.26747
R	30.74812	0.84827	0.36483	1477010464650000	20.89882	22.61118	1.58137	-1.22445
L	20.96287	22.68838	1477010464700000	20.96134	22.64866	1.61444	-1.18050
R	30.84008	0.83050	0.37297	1477010464750000	21.02650	22.68350	1.64629	-1.13567
L	20.97894	22.54490	1477010464800000	21.09426	22.71574	1.67689	-1.08997
R	30.76819	0.84330	0.58566	1477010464850000	21.16456	22.74544	1.70623	-1.04345
L	21.18453	23.10403	1477010464900000	21.23734	22.77266	1.73427	-0.99614
R	31.07905	0.82197	0.36389	1477010464950000	21.31253	22.79747	1.76101	-0.94808
L	21.26260	22.73925	1477010465000000	21.39006	22.81994	1.78641	-0.89929
R	31.52214	0.81852	0.71453	1477010465050000	21.46984	22.84016	1.81046	-0.84983
L	21.59511	22.63722	1477010465100000	21.55179	22.85821	1.83315	-0.79973
R	31.39048	0.83191	0.67250	1477010465150000	21.63580	22.87420	1.85444	-0.74902
L	21.63928	22.95331	1477010465200000	21.72177	22.88823	1.87434	-0.69775
R	31.70505	0.84080	1.08039	1477010465250000	21.80960	22.90040	1.89282	-0.64595
L	22.03802	22.81015	1477010465300000	21.89917	22.91083	1.90986	-0.59366
R	31.58822	0.81795	0.94707	1477010465350000	21.99036	22.91964	1.92546	-0.54092
L	22.19707	22.97357	1477010465400000	22.08304	22.92696	1.93961	-0.48777
R	31.84054	0.79003	1.18140	1477010465450000	22.17710	22.93290	1.95229	-0.43425
L	22.16969	22.97566	1477010465500000	22.27238	22.93762	1.96349	-0.38041
R	32.02866	0.82173	1.06352	1477010465550000	22.36876	22.94124	1.97321	-0.32628
L	22.30742	22.51029	1477010465600000	22.46610	22.94390	1.98143	-0.27190
R	32.34072	0.80951	1.16525	1477010465650000	22.56425	22.94575	1.98816	-0.21731
L	22.57697	22.67616	1477010465700000	22.66307	22.94693	1.99338	-0.16256
R	32.33832	0.81735	1.18824	1477010465750000	22.76241	22.94759	1.99710	-0.10769
L	23.02627	22.98071	1477010465800000	22.86212	22.94788	1.99930	-0.05274
R	32.57961	0.79257	1.43071	1477010465850000	22.96205	22.94795	2.00000	0.00226
L	23.11370	22.99429	1477010465900000	23.06205	22.94795	1.99918	0.05725
R	32.46793	0.77232	1.52780	1477010465950000	23.16197	22.94803	1.99685	0.11220
L	23.39066	22.93932	1477010466000000	23.26166	22.94834	1.99301	0.16706
R	32.78048	0.76439	1.29648	1477010466050000	23.36096	22.94904	1.98766	0.22180
L	23.49462	23.14945	1477010466100000	23.45973	22.95027	1.98081	0.27637
R	33.22205	0.76715	1.76794	1477010466150000	23.55782	22.95218	1.97246	0.33073
L	23.60662	23.14530	1477010466200000	23.65508	22.95492	1.96262	0.38484
R	33.10790	0.76577	1.79851	1477010466250000	23.75138	22.95862	1.95130	0.43866
L	23.87002	23.14127	1477010466300000	23.84657	22.96343	1.93850	0.49215
R	33.02399	0.77106	1.99281	1477010466350000	23.94052	22.96948	1.92424	0.54527
L	24.20036	22.93829	1477010466400000	24.03308	22.97692	1.90852	0.59797
R	33.61199	0.75845	1.88613	1477010466450000	24.12414	22.98586	1.89135	0.65022
L	24.00050	22.85669	1477010466500000	24.21357	22.99643	1.87276	0.70198
R	33.72875	0.76376	1.51507	1477010466550000	24.30125	23.00875	1.85275	0.75321
L	24.35940	23.07496	1477010466600000	24.38707	23.02293	1.83134	0.80387
R	33.76041	0.73599	1.99597	1477010466650000	24.47092	23.03908	1.80854	0.85392
L	24.35296	23.19454	1477010466700000	24.55269	23.05731	1.78438	0.90333
R	33.85426	0.74860	2.14707	1477010466750000	24.63229	23.07771	1.75886	0.95205
L	24.54284	23.09845	1477010466800000	24.70963	23.10037	1.73202	1.00005
R	33.85312	0.74021	1.98839	1477010466850000	24.78462	23.12538	1.70387	1.04730
L	25.10403	23.17149	1477010466900000	24.85720	23.15280	1.67443	1.09375
R	34.10544	0.76288	2.03875	1477010466950000	24.92730	23.18270	1.64372	1.13938
L	25.17446	23.23050	1477010467000000	24.99484	23.21516	1.61177	1.18415
R	33.95638	0.74248	2.31741	1477010467050000	25.05979	23.25021	1.57860	1.22802
L	25.12658	23.47947	1477010467100000	25.12208	23.28792	1.54424	1.27096
R	34.22322	0.72981	1.90997	1477010467150000	25.18170	23.32830	1.50870	1.31294
L	25.13394	23.14231	1477010467200000	25.23861	23.37139	1.47203	1.35393
R	34.28548	0.73595	2.15581	1477010467250000	25.29278	23.41722	1.43425	1.39389
L	25.25666	23.37753	1477010467300000	25.34421	23.46579	1.39538	1.43280
R	34.70188	0.75917	2.06323	1477010467350000	25.39288	23.51712	1.35545	1.47063
L	25.55531	23.55385	1477010467400000	25.43881	23.57119	1.31450	1.50734
R	34.61637	0.75565	1.89764	1477010467450000	25.48201	23.62799	1.27256	1.54292
L	25.46112	23.73868	1477010467500000	25.52250	23.68750	1.22965	1.57732
R	35.09136	0.76743	1.99480	1477010467550000	25.56030	23.74970	1.18582	1.61054
L	25.63990	23.72823	1477010467600000	25.59545	23.81455	1.14109	1.64254
R	35.16677	0.76128	1.71790	1477010467650000	25.62800	23.88200	1.09549	1.67329
L	25.58102	23.91030	1477010467700000	25.65801	23.95199	1.04907	1.70278
R	35.11204	0.73172	1.92239	1477010467750000	25.68552	24.02448	1.00185	1.73098
L	25.50555	24.38189	1477010467800000	25.71061	24.09939	0.95387	1.75787
R	35.11632	0.76011	1.73871	1477010467850000	25.73336	24.17664	0.90518	1.78344
L	26.13011	24.55081	1477010467900000	25.75384	24.25616	0.85580	1.80765
R	35.46020	0.80034	1.76116	1477010467950000	25.77215	24.33785	0.80577	1.83050
