0.11	0.1	2.0	0.0	0.55	2.0	0.0	1477010443000000.0
0.21000000000000002	0.2	2.0	0.027500000000000004	0.55	1.9992437976583037	0.0549930679704559	1477010443050000.0
0.30994329018572925	0.30000000000000004	2.0	0.05500000000000001	0.55	1.996975762475197	0.10994455005413548	1477010443100000.0
0.40971655813685864	0.4	2.0	0.08250000000000002	0.55	1.9931976095441954	0.1648128918116074	1477010443150000.0
0.5092068129037333	0.5	2.0	0.11000000000000001	0.55	1.9879121959133936	0.21955660167434965	1477010443200000.0
0.6083015988084225	0.6	2.0	0.1375	0.55	1.9811235184249558	0.27413428232077086	1477010443250000.0
0.706889208478338	0.7	2.0	0.165	0.55	1.9728367106926954	0.32850466198096195	1477010443300000.0
0.8048588948087949	0.7999999999999999	2.0	0.1925	0.55	1.963058039220025	0.3826266256465049	1477010443350000.0
0.9021010815542558	0.8999999999999999	2.0	0.22	0.55	1.951794898661211	0.43645924616173865	1477010443400000.0
0.9985075722523564	0.9999999999999999	2.0	0.2475	0.55	1.9390558062295187	0.48996181517296994	1477010443450000.0
1.0939717571901868	1.0999999999999999	2.0	0.275	0.55	1.924850395256476	0.5430938739122257	1477010443500000.0
1.1883888181287237	1.2	2.0	0.30250000000000005	0.55	1.9091894079071254	0.5958152437922682	1477010443550000.0
1.2816559305088153	1.3	2.0	0.33000000000000007	0.55	1.8920846870567738	0.6480860567897369	1477010443600000.0
1.3736724628707604	1.4000000000000001	2.0	0.3575000000000001	0.55	1.8735491673353826	0.6998667855934403	1477010443650000.0
1.464340173229353	1.5000000000000002	2.0	0.3850000000000001	0.55	1.8535968653463692	0.7511182734950027	1477010443700000.0
1.5535634021573617	1.6000000000000003	2.0	0.41250000000000014	0.55	1.8322428690672203	0.8018017639992573	1477010443750000.0
1.641249262342847	1.7000000000000004	2.0	0.44000000000000017	0.55	1.8095033264399267	0.8518789301319996	1477010443800000.0
1.727307824399627	1.8000000000000005	2.0	0.4675000000000002	0.55	1.785395433159872	0.9013119034229343	1477010443850000.0
1.8116522987256654	1.9000000000000006	2.0	0.4950000000000002	0.55	1.7599374196724082	0.950063302541902	1477010443900000.0
1.8941992132213747	2.0000000000000004	2.0	0.5225000000000002	0.55	1.7331485373869495	0.9980962615667278	1477010443950000.0
1.97486858669895	2.1000000000000005	2.0	0.5500000000000002	0.55	1.7050490441190114	1.0453744578613187	1477010444000000.0
2.053584097835126	2.2000000000000006	2.0	0.5775000000000001	0.55	1.6756601887712035	1.0918621395429253	1477010444050000.0
2.1302732495434484	2.3000000000000007	2.0	0.6050000000000001	0.55	1.6450041952647598	1.1375241525178001	1477010444100000.0
2.2048675286686	2.400000000000001	2.0	0.6325000000000001	0.55	1.613104245733757	1.1823259670648052	1477010444150000.0
2.2773025609349595	2.500000000000001	2.0	0.66	0.55	1.5799844629947302	1.2262337039468676	1477010444200000.0
2.347518261114873	2.600000000000001	2.0	0.6875	0.55	1.545669892304943	1.2692141600305387	1477010444250000.0
2.4154589784197493	2.700000000000001	2.0	0.715	0.55	1.5101864824231057	1.3112348333942805	1477010444300000.0
2.481073637159805	2.800000000000001	2.0	0.7424999999999999	0.55	1.473561065986862	1.352263947906496	1477010444350000.0
2.5443158727670685	2.9000000000000012	2.0	0.7699999999999999	0.55	1.4358213392218868	1.3922704772547134	1477010444400000.0
2.605144163332361	3.0000000000000013	2.0	0.7974999999999999	0.55	1.3969958409979346	1.4312241684077562	1477010444450000.0
2.663521956871888	3.1000000000000014	2.0	0.8249999999999998	0.55	1.35711393124768	1.469095564493157	1477010444500000.0
2.719417794614858	3.2000000000000015	2.0	0.8524999999999998	0.55	1.3162057687646673	1.5058560270725123	1477010444550000.0
2.7728054306926433	3.3000000000000016	2.0	0.8799999999999998	0.55	1.2743022883971606	1.5414777577979384	1477010444600000.0
2.8236639487157205	3.4000000000000017	2.0	0.9074999999999998	0.55	1.2314351776551395	1.5759338194332448	1477010444650000.0
2.871977875851191	3.5000000000000018	2.0	0.9349999999999997	0.55	1.1876368527481282	1.6091981562239377	1477010444700000.0
2.9177372951666825	3.600000000000002	2.0	0.9624999999999997	0.55	1.1429404340719842	1.6412456136006408	1477010444750000.0
2.9609379571932206	3.700000000000002	2.0	0.9899999999999997	0.55	1.0973797211631757	1.6720519572010406	1477010444800000.0
3.001581391890195	3.800000000000002	2.0	1.0174999999999996	0.55	1.0509891671394938	1.7015938911959674	1477010444850000.0
3.0396750224831885	3.900000000000002	2.0	1.0449999999999997	0.55	1.0038038526465234	1.7298490759057557	1477010444900000.0
3.075232283008704	4.000000000000002	2.0	1.0724999999999998	0.55	0.9558594593295779	1.7567961446935632	1477010444950000.0
3.108272741864298	4.100000000000001	2.0	1.0999999999999999	0.55	0.907192242851155	1.7824147201228706	1477010445000000.0
3.138822234264658	4.200000000000001	2.0	1.1275	0.55	0.8578390054743195	1.8066854293669472	1477010445050000.0
3.1669130072958054	4.300000000000001	2.0	1.155	0.55	0.8078370682327459	1.8295899188586282	1477010445100000.0
3.1925838823171486	4.4	2.0	1.1825	0.55	0.7572242427084658	1.8511108681693247	1477010445150000.0
3.215880440898503	4.5	2.0	1.2100000000000002	0.55	0.7060388024386604	1.871232003106772	1477010445200000.0
3.2368552424704466	4.6	2.0	1.2375000000000003	0.55	0.6543194539731224	1.889938108021613	1477010445250000.0
3.2555680846845205	4.699999999999999	2.0	1.2650000000000003	0.55	0.6021053076042726	1.9072150373135075	1477010445300000.0
3.2720863215653218	4.799999999999999	2.0	1.2925000000000004	0.55	0.5494358477918648	1.9230497261280672	1477010445350000.0
3.286485260624906	4.899999999999999	2.0	1.3200000000000005	0.55	0.49635090330474496	1.9374302002365307	1477010445400000.0
3.2988486694766124	4.999999999999998	2.0	1.3475000000000006	0.55	0.442890617102243	1.9503455850907023	1477010445450000.0
3.309269437445359	5.099999999999998	2.0	1.3750000000000007	0.55	0.38909541597797304	1.9617861140463118	1477010445500000.0
3.3178504626572063	5.1999999999999975	2.0	1.4025000000000007	0.55	0.33500597998899734	1.971743135748572	1477010445550000.0
3.3247058791606667	5.299999999999997	2.0	1.4300000000000008	0.55	0.2806632116934717	1.9802091206743557	1477010445600000.0
3.329962821850554	5.399999999999997	2.0	1.457500000000001	0.55	0.22610820522003547	1.9871776668260375	1477010445650000.0
3.333764098611229	5.4999999999999964	2.0	1.485000000000001	0.55	0.17138221519233512	1.9926435045726991	1477010445700000.0
3.33627253813176	5.599999999999996	2.0	1.512500000000001	0.55	0.11652662553218128	1.996602500635037	1477010445750000.0
3.3376788860074313	5.699999999999996	2.0	1.5400000000000011	0.55	0.06158291816493002	1.9990516612109581	1477010445800000.0
3.338219198990541	5.799999999999995	2.0	1.5675000000000012	0.55	0.006592641650753969	1.9999891342395	1477010445850000.0
3.338238124353239	5.899999999999995	2.0	1.5950000000000013	0.55	-0.04840262023447635	1.999414210801363	1477010445900000.0
nan	5.999999999999995	2.0	1.6225000000000014	0.55	-0.10336127994494113	1.9973273256549973	1477010445950000.0
nan	6.099999999999994	2.0	1.6500000000000015	0.55	-0.15824177761347083	1.9937300569078376	1477010446000000.0
nan	6.199999999999994	2.0	1.6775000000000015	0.55	-0.21300261247921504	1.9886251248229339	1477010446050000.0
nan	6.299999999999994	2.0	1.7050000000000016	0.55	-0.26760237427061506	1.9820163897618832	1477010446100000.0
nan	6.399999999999993	2.0	1.7325000000000017	0.55	-0.3219997745199482	1.9739088492656145	1477010446150000.0
nan	6.499999999999993	2.0	1.7600000000000018	0.55	-0.3761536777857637	1.9643086342752363	1477010446200000.0
nan	6.5999999999999925	2.0	1.7875000000000019	0.55	-0.43002313275959997	1.953223004495805	1477010446250000.0
nan	6.699999999999992	2.0	1.815000000000002	0.55	-0.4835674032334599	1.9406603429065192	1477010446300000.0
nan	6.799999999999992	2.0	1.842500000000002	0.55	-0.5367459989046267	1.9266301494214904	1477010446350000.0
nan	6.8999999999999915	2.0	1.870000000000002	0.55	-0.5895187059945258	1.9111430337058866	1477010446400000.0
nan	6.999999999999991	2.0	1.8975000000000022	0.55	-0.6418456176584781	1.8942107071528782	1477010446450000.0
nan	7.099999999999991	2.0	1.9250000000000023	0.55	-0.6936871641633496	1.8758459740274547	1477010446500000.0
nan	7.19999999999999	2.0	1.9525000000000023	0.55	-0.7450041428102763	1.8560627217838102	1477010446550000.0
nan	7.29999999999999	2.0	1.9800000000000024	0.55	-0.7957577475798364	1.8348759105636177	1477010446600000.0
nan	7.39999999999999	2.0	2.0075000000000025	0.55	-0.8459095984772538	1.8123015618831353	1477010446650000.0
nan	7.499999999999989	2.0	2.0350000000000024	0.55	-0.8954217705554389	1.788356746517697	1477010446700000.0
nan	7.599999999999989	2.0	2.062500000000002	0.55	-0.9442568225939243	1.7630595715927542	1477010446750000.0
nan	7.699999999999989	2.0	2.090000000000002	0.55	-0.9923778254120016	1.736429166891223	1477010446800000.0
nan	7.799999999999988	2.0	2.117500000000002	0.55	-1.039748389794655	1.708485670387499	1477010446850000.0
nan	7.899999999999988	2.0	2.145000000000002	0.55	-1.0863326940101707	1.6792502130190738	1477010446900000.0
nan	7.999999999999988	2.0	2.1725000000000017	0.55	-1.132095510898615	1.6487449027072696	1477010446950000.0
nan	8.099999999999987	2.0	2.2000000000000015	0.55	-1.1770022345106939	1.6169928076391786	1477010447000000.0
nan	8.199999999999987	2.0	2.2275000000000014	0.55	-1.2210189062768542	1.584017938823445	1477010447050000.0
nan	8.299999999999986	2.0	2.2550000000000012	0.55	-1.2641122406868326	1.5498452319330842	1477010447100000.0
nan	8.399999999999986	2.0	2.282500000000001	0.55	-1.3062496504602368	1.514500528449069	1477010447150000.0
nan	8.499999999999986	2.0	2.310000000000001	0.55	-1.3473992711891232	1.4780105561189405	1477010447200000.0
nan	8.599999999999985	2.0	2.337500000000001	0.55	-1.3875299854339365	1.4404029087452233	1477010447250000.0
nan	8.699999999999985	2.0	2.3650000000000007	0.55	-1.4266114462545911	1.4017060253189269	1477010447300000.0
nan	8.799999999999985	2.0	2.3925000000000005	0.55	-1.4646141001588975	1.3619491685139145	1477010447350000.0
nan	8.899999999999984	2.0	2.4200000000000004	0.55	-1.5015092094509823	1.3211624025584008	1477010447400000.0
nan	8.999999999999984	2.0	2.4475000000000002	0.55	-1.537268873962802	1.2793765705003115	1477010447450000.0
nan	9.099999999999984	2.0	2.475	0.55	-1.5718660521523145	1.2366232708836986	1477010447500000.0
nan	9.199999999999983	2.0	2.5025	0.55	-1.6052745815523564	1.1929348338538477	1477010447550000.0
nan	9.299999999999983	2.0	2.53	0.55	-1.6374691985547631	1.1483442967091453	1477010447600000.0
nan	9.399999999999983	2.0	2.5574999999999997	0.55	-1.6684255575147675	1.102885378918198	1477010447650000.0
nan	9.499999999999982	2.0	2.5849999999999995	0.55	-1.6981202491612333	1.0565924566210905	1477010447700000.0
nan	9.599999999999982	2.0	2.6124999999999994	0.55	-1.7265308182988017	1.0095005366340672	1477010447750000.0
nan	9.699999999999982	2.0	2.6399999999999992	0.55	-1.753635780788562	0.9616452299772981	1477010447800000.0
nan	9.799999999999981	2.0	2.667499999999999	0.55	-1.7794146397944077	0.9130627249457389	1477010447850000.0
nan	9.89999999999998	2.0	2.694999999999999	0.55	-1.8038479012827924	0.8637897597434604	1477010447900000.0
nan	9.99999999999998	2.0	2.722499999999999	0.55	-1.8269170887641635	0.8138635947021307	1477010447950000.0
nan	10.09999999999998	2.0	2.7499999999999987	0.55	-1.848604757264926	0.7633219841046659	1477010448000000.0
nan	10.19999999999998	2.0	2.7774999999999985	0.55	-1.8688945065193743	0.712203147635353	1477010448050000.0
nan	10.29999999999998	2.0	2.8049999999999984	0.55	-1.8877709933716094	0.6605457414780348	1477010448100000.0
nan	10.399999999999979	2.0	2.8324999999999982	0.55	-1.9052199433780708	0.6083888290842135	1477010448150000.0
nan	10.499999999999979	2.0	2.859999999999998	0.55	-1.9212281616019036	0.555771851633177	1477010448200000.0
nan	10.599999999999978	2.0	2.887499999999998	0.55	-1.9357835425910002	0.5027345982064866	1477010448250000.0
nan	10.699999999999978	2.0	2.914999999999998	0.55	-1.9488750795321725	0.44931717569938073	1477010448300000.0
nan	10.799999999999978	2.0	2.9424999999999977	0.55	-1.9604928725745294	0.39555997849184676	1477010448350000.0
nan	10.899999999999977	2.0	2.9699999999999975	0.55	-1.9706281363157667	0.3415036579022959	1477010448400000.0
nan	10.999999999999977	2.0	2.9974999999999974	0.55	-1.9792732064457095	0.28718909144694155	1477010448450000.0
nan	11.099999999999977	2.0	3.0249999999999972	0.55	-1.9864215455420817	0.2326573519281254	1477010448500000.0
nan	11.199999999999976	2.0	3.052499999999997	0.55	-1.9920677480141191	0.17794967637496836	1477010448550000.0
nan	11.299999999999976	2.0	3.079999999999997	0.55	-1.996207544190291	0.1231074348598325	1477010448600000.0
nan	11.399999999999975	2.0	3.107499999999997	0.55	-1.9988378035470344	0.06817209921417543	1477010448650000.0
nan	11.499999999999975	2.0	3.1349999999999967	0.55	-1.9999565370760646	0.013185211667454243	1477010448700000.0
nan	11.599999999999975	2.0	3.1624999999999965	0.55	-1.9995628987884675	-0.041811646567205624	1477010448750000.0
nan	11.699999999999974	2.0	3.1899999999999964	0.55	-1.9976571863544377	-0.0967768867368212	1477010448800000.0
nan	11.799999999999974	2.0	3.2174999999999963	0.55	-1.9942408408781804	-0.15166894399806433	1477010448850000.0
nan	11.899999999999974	2.0	3.244999999999996	0.55	-1.989316445808145	-0.20644630884869353	1477010448900000.0
nan	11.999999999999973	2.0	3.272499999999996	0.55	-1.9828877249834145	-0.2610675585171368	1477010448950000.0
nan	12.099999999999973	2.0	3.299999999999996	0.55	-1.974959539817731	-0.31549138828648854	1477010449000000.0
nan	12.199999999999973	2.0	3.3274999999999957	0.55	-1.9655378856232824	-0.369676642729233	1477010449050000.0
nan	12.299999999999972	2.0	3.3549999999999955	0.55	-1.9546298870770324	-0.4235823468290753	1477010449100000.0
nan	12.399999999999972	2.0	3.3824999999999954	0.55	-1.9422437928330258	-0.47716773696634424	1477010449150000.0
nan	12.499999999999972	2.0	3.4099999999999953	0.55	-1.9283889692847338	-0.5303922917435374	1477010449200000.0
nan	12.599999999999971	2.0	3.437499999999995	0.55	-1.9130758934821677	-0.5832157626276965	1477010449250000.0
nan	12.69999999999997	2.0	3.464999999999995	0.55	-1.896316145209108	-0.6355982043864423	1477010449300000.0
nan	12.79999999999997	2.0	3.492499999999995	0.55	-1.8781223982264446	-0.6875000052946533	1477010449350000.0
nan	12.89999999999997	2.0	3.5199999999999947	0.55	-1.8585084106882503	-0.7388819170889442	1477010449400000.0
nan	12.99999999999997	2.0	3.5474999999999945	0.55	-1.8374890147378318	-0.7897050846472956	1477010449450000.0
nan	13.09999999999997	2.0	3.5749999999999944	0.55	-1.8150801052916272	-0.8399310753713873	1477010449500000.0
nan	13.199999999999969	2.0	3.6024999999999943	0.55	-1.7912986280194352	-0.8895219082494198	1477010449550000.0
nan	13.299999999999969	2.0	3.629999999999994	0.55	-1.7661625665300575	-0.938440082577444	1477010449600000.0
nan	13.399999999999968	2.0	3.657499999999994	0.55	-1.739690928772054	-0.9866486063174816	1477010449650000.0
nan	13.499999999999968	2.0	3.684999999999994	0.55	-1.711903732659885	-1.0341110240709905	1477010449700000.0
nan	13.599999999999968	2.0	3.7124999999999937	0.55	-1.6828219909363205	-1.0807914446465234	1477010449750000.0
nan	13.699999999999967	2.0	3.7399999999999936	0.55	-1.6524676952825519	-1.1266545682007292	1477010449800000.0
nan	13.799999999999967	2.0	3.7674999999999934	0.55	-1.6208637996880333	-1.1716657129321788	1477010449850000.0
nan	13.899999999999967	2.0	3.7949999999999933	0.55	-1.5880342030926202	-1.215790841307824	1477010449900000.0
nan	13.999999999999966	2.0	3.822499999999993	0.55	-1.5540037313141348	-1.2589965858022596	1477010449950000.0
nan	14.099999999999966	2.0	3.849999999999993	0.55	-1.518798118275025	-1.301250274130324	1477010450000000.0
nan	14.199999999999966	2.0	3.877499999999993	0.55	-1.4824439865423118	-1.342519953953958	1477010450050000.0
nan	14.299999999999965	2.0	3.9049999999999927	0.55	-1.444968827195542	-1.3827744170446385	1477010450100000.0
nan	14.399999999999965	2.0	3.9324999999999926	0.55	-1.406400979037969	-1.4219832228831122	1477010450150000.0
nan	14.499999999999964	2.0	3.9599999999999924	0.55	-1.3667696071666835	-1.4601167216785889	1477010450200000.0
nan	14.599999999999964	2.0	3.9874999999999923	0.55	-1.3261046809178996	-1.4971460767899825	1477010450250000.0
nan	14.699999999999964	2.0	4.014999999999993	0.55	-1.2844369512040703	-1.5330432865322468	1477010450300000.0
nan	14.799999999999963	2.0	4.042499999999992	0.55	-1.2417979272599804	-1.5677812053513132	1477010450350000.0
nan	14.899999999999963	2.0	4.069999999999992	0.55	-1.198219852815383	-1.6013335643516258	1477010450400000.0
nan	14.999999999999963	2.0	4.097499999999992	0.55	-1.1537356817122195	-1.6336749911607389	1477010450450000.0
nan	15.099999999999962	2.0	4.124999999999992	0.55	-1.1083790529848467	-1.6647810291159657	1477010450500000.0
nan	15.199999999999962	2.0	4.152499999999992	0.55	-1.06218426542212	-1.6946281557585638	1477010450550000.0
nan	15.299999999999962	2.0	4.179999999999992	0.55	-1.0151862516305683	-1.7231938006214729	1477010450600000.0
nan	15.399999999999961	2.0	4.207499999999992	0.55	-0.9674205516182757	-1.7504563622971556	1477010450650000.0
nan	15.499999999999961	2.0	4.234999999999991	0.55	-0.9189232859194444	-1.7763952247726325	1477010450700000.0
nan	15.59999999999996	2.0	4.262499999999991	0.55	-0.8697311282799616	-1.8009907730193582	1477010450750000.0
nan	15.69999999999996	2.0	4.289999999999991	0.55	-0.8198812779246274	-1.8242244078261534	1477010450800000.0
nan	15.79999999999996	2.0	4.317499999999991	0.55	-0.7694114314270137	-1.846078559863971	1477010450850000.0
nan	15.89999999999996	2.0	4.344999999999991	0.55	-0.7183597542032272	-1.8665367029718647	1477010450900000.0
nan	15.99999999999996	2.0	4.372499999999991	0.55	-0.6667648516511319	-1.885583366654109	1477010450950000.0
nan	16.09999999999996	2.0	4.399999999999991	0.55	-0.6146657399568572	-1.903204147779026	1477010451000000.0
nan	16.19999999999996	2.0	4.42749999999999	0.55	-0.5621018165906668	-1.9193857214706669	1477010451050000.0
nan	16.29999999999996	2.0	4.45499999999999	0.55	-0.509112830514499	-1.9341158511851133	1477010451100000.0
nan	16.399999999999963	2.0	4.48249999999999	0.55	-0.45573885212370835	-1.9473833979637818	1477010451150000.0
nan	16.499999999999964	2.0	4.50999999999999	0.55	-0.40202024294573985	-1.9591783288567297	1477010451200000.0
nan	16.599999999999966	2.0	4.53749999999999	0.55	-0.34799762511864657	-1.969491724509596	1477010451250000.0
nan	16.699999999999967	2.0	4.56499999999999	0.55	-0.29371185067253386	-1.9783157859084366	1477010451300000.0
nan	16.79999999999997	2.0	4.59249999999999	0.55	-0.23920397063715862	-1.9856438402773589	1477010451350000.0
nan	16.89999999999997	2.0	4.6199999999999894	0.55	-0.18451520399904453	-1.9914703461244887	1477010451400000.0
nan	16.99999999999997	2.0	4.647499999999989	0.55	-0.12968690653158785	-1.9957908974324607	1477010451450000.0
nan	17.099999999999973	2.0	4.674999999999989	0.55	-0.07476053952172464	-1.9986022269902586	1477010451500000.0
nan	17.199999999999974	2.0	4.702499999999989	0.55	-0.019777638416808616	-1.999902208863887	1477010451550000.0
nan	17.299999999999976	2.0	4.729999999999989	0.55	0.035220218584591415	-1.9996898600040092	1477010451600000.0
nan	17.399999999999977	2.0	4.757499999999989	0.55	0.09019144197422271	-1.99796534098933	1477010451650000.0
nan	17.49999999999998	2.0	4.784999999999989	0.55	0.14509446238423215	-1.9947299559051672	1477010451700000.0
nan	17.59999999999998	2.0	4.8124999999999885	0.55	0.1998877620220195	-1.9899861513572974	1477010451750000.0
nan	17.69999999999998	2.0	4.839999999999988	0.55	0.2545299060660894	-1.9837375146218281	1477010451800000.0
nan	17.799999999999983	2.0	4.867499999999988	0.55	0.3089795739991604	-1.9759887709324913	1477010451850000.0
nan	17.899999999999984	2.0	4.894999999999988	0.55	0.3631955908548369	-1.96674577990741	1477010451900000.0
nan	17.999999999999986	2.0	4.922499999999988	0.55	0.41713695835421527	-1.9560155311180414	1477010451950000.0
nan	18.099999999999987	2.0	4.949999999999988	0.55	0.47076288590887816	-1.9438061388036474	1477010452000000.0
nan	18.19999999999999	2.0	4.977499999999988	0.55	0.5240328214668332	-1.9301268357352865	1477010452050000.0
nan	18.29999999999999	2.0	5.0049999999999875	0.55	0.5769064821780692	-1.9149879662339722	1477010452100000.0
nan	18.39999999999999	2.0	5.032499999999987	0.55	0.6293438848565425	-1.8984009783482716	1477010452150000.0
nan	18.499999999999993	2.0	5.059999999999987	0.55	0.6813053762155551	-1.8803784151972658	1477010452200000.0
nan	18.599999999999994	2.0	5.087499999999987	0.55	0.7327516628536633	-1.8609339054854128	1477010452250000.0
nan	18.699999999999996	2.0	5.114999999999987	0.55	0.7836438409684399	-1.84008215319649	1477010452300000.0
nan	18.799999999999997	2.0	5.142499999999987	0.55	0.8339434257756202	-1.8178389264744064	1477010452350000.0
nan	18.9	2.0	5.169999999999987	0.55	0.8836123806113869	-1.7942210456992966	1477010452400000.0
nan	19.0	2.0	5.1974999999999865	0.55	0.9326131456957836	-1.7692463707679085	1477010452450000.0
nan	19.1	2.0	5.224999999999986	0.55	0.9809086665355085	-1.742933787587908	1477010452500000.0
nan	19.200000000000003	2.0	5.252499999999986	0.55	1.028462421944609	-1.7153031937963121	1477010452550000.0
nan	19.300000000000004	2.0	5.279999999999986	0.55	1.0752384516618887	-1.6863754837128486	1477010452600000.0
nan	19.400000000000006	2.0	5.307499999999986	0.55	1.1212013835441397	-1.6561725325396226	1477010452650000.0
nan	19.500000000000007	2.0	5.334999999999986	0.55	1.1663164603146416	-1.624717179819037	1477010452700000.0
nan	19.60000000000001	2.0	5.362499999999986	0.55	1.210549565846695	-1.5920332121624783	1477010452750000.0
nan	19.70000000000001	2.0	5.3899999999999855	0.55	1.2538672509623157	-1.5581453452628242	1477010452800000.0
nan	19.80000000000001	2.0	5.417499999999985	0.55	1.2962367587265824	-1.5230792052043793	1477010452850000.0
nan	19.900000000000013	2.0	5.444999999999985	0.55	1.3376260492185075	-1.48686130908437	1477010452900000.0
nan	20.000000000000014	2.0	5.472499999999985	0.55	1.3780038237596999	-1.4495190449606539	1477010452950000.0
nan	20.100000000000016	2.0	5.499999999999985	0.55	1.4173395485824987	-1.4110806511408052	1477010453000000.0
nan	20.200000000000017	2.0	5.527499999999985	0.55	1.455603477919681	-1.3715751948282418	1477010453050000.0
nan	20.30000000000002	2.0	5.554999999999985	0.55	1.492766676498279	-1.3310325501415365	1477010453100000.0
nan	20.40000000000002	2.0	5.5824999999999845	0.55	1.5288010414205033	-1.2894833755235406	1477010453150000.0
nan	20.50000000000002	2.0	5.609999999999984	0.55	1.5636793234152178	-1.2469590905573955	1477010453200000.0
nan	20.600000000000023	2.0	5.637499999999984	0.55	1.5973751474439035	-1.2034918522069715	1477010453250000.0
nan	20.700000000000024	2.0	5.664999999999984	0.55	1.6298630326455252	-1.1591145304996964	1477010453300000.0
nan	20.800000000000026	2.0	5.692499999999984	0.55	1.6611184116052162	-1.1138606836701632	1477010453350000.0
nan	20.900000000000027	2.0	5.719999999999984	0.55	1.6911176489322166	-1.0677645327833156	1477010453400000.0
nan	21.00000000000003	2.0	5.747499999999984	0.55	1.719838059133011	-1.020860935856397	1477010453450000.0
nan	21.10000000000003	2.0	5.7749999999999835	0.55	1.7472579237661503	-0.9731853614992374	1477010453500000.0
nan	21.20000000000003	2.0	5.802499999999983	0.55	1.7733565078657907	-0.9247738620928078	1477010453550000.0
nan	21.300000000000033	2.0	5.829999999999983	0.55	1.7981140756215208	-0.8756630465263242	1477010453600000.0
nan	21.400000000000034	2.0	5.857499999999983	0.55	1.8215119053026292	-0.8258900525135205	1477010453650000.0
nan	21.500000000000036	2.0	5.884999999999983	0.55	1.84353230341552	-0.7754925185090226	1477010453700000.0
nan	21.600000000000037	2.0	5.912499999999983	0.55	1.8641586180835756	-0.7245085552460603	1477010453750000.0
nan	21.70000000000004	2.0	5.939999999999983	0.55	1.8833752516393434	-0.672976716917042	1477010453800000.0
nan	21.80000000000004	2.0	5.9674999999999825	0.55	1.9011676724195286	-0.6209359720187839	1477010453850000.0
nan	21.90000000000004	2.0	5.994999999999982	0.55	1.9175224257538732	-0.5684256738844419	1477010453900000.0
nan	22.000000000000043	2.0	6.022499999999982	0.55	1.9324271441396077	-0.5154855309244283	1477010453950000.0
nan	22.100000000000044	2.0	6.049999999999982	0.55	1.9458705565937866	-0.46215557659881906	1477010454000000.0
nan	22.200000000000045	2.0	6.077499999999982	0.55	1.9578424971764317	-0.40847613914395786	1477010454050000.0
nan	22.300000000000047	2.0	6.104999999999982	0.55	1.9683339126780397	-0.35448781107614896	1477010454100000.0
nan	22.40000000000005	2.0	6.132499999999982	0.55	1.9773368694656404	-0.30023141849550156	1477010454150000.0
nan	22.50000000000005	2.0	6.1599999999999815	0.55	1.984844559482229	-0.24574799021313712	1477010454200000.0
nan	22.60000000000005	2.0	6.187499999999981	0.55	1.9908513053950343	-0.19107872672510634	1477010454250000.0
nan	22.700000000000053	2.0	6.214999999999981	0.55	1.995352564888731	-0.13626496905647772	1477010454300000.0
nan	22.800000000000054	2.0	6.242499999999981	0.55	1.9983449341003492	-0.08134816749915742	1477010454350000.0
nan	22.900000000000055	2.0	6.269999999999981	0.55	1.9998261501932841	-0.02636985026708158	1477010454400000.0
nan	23.000000000000057	2.0	6.297499999999981	0.55	1.9997950930684576	0.02862840790751641	1477010454450000.0
nan	23.10000000000006	2.0	6.324999999999981	0.55	1.99825178621134	0.0836050172130157	1477010454500000.0
nan	23.20000000000006	2.0	6.3524999999999805	0.55	1.9951973966741912	0.13851840420872097	1477010454550000.0
nan	23.30000000000006	2.0	6.37999999999998	0.55	1.9906342341935308	0.19332704326279557	1477010454600000.0
nan	23.400000000000063	2.0	6.40749999999998	0.55	1.984565749443513	0.24798948795404166	1477010454650000.0
nan	23.500000000000064	2.0	6.43499999999998	0.55	1.9769965314265159	0.30246440241378086	1477010454700000.0
nan	23.600000000000065	2.0	6.46249999999998	0.55	1.9679323040029286	0.356710592584135	1477010454750000.0
nan	23.700000000000067	2.0	6.48999999999998	0.55	1.957379921562755	0.4106870373690692	1477010454800000.0
nan	23.800000000000068	2.0	6.51749999999998	0.55	1.9453473638423064	0.46435291965464065	1477010454850000.0
nan	23.90000000000007	2.0	6.5449999999999795	0.55	1.9318437298899078	0.5176676571749959	1477010454900000.0
nan	24.00000000000007	2.0	6.572499999999979	0.55	1.9168792311851754	0.5705909332007748	1477010454950000.0
nan	24.100000000000072	2.0	6.599999999999979	0.55	1.9004651839170719	0.6230827270267169	1477010455000000.0
nan	24.200000000000074	2.0	6.627499999999979	0.55	1.8826140004265783	0.6751033442354109	1477010455050000.0
nan	24.300000000000075	2.0	6.654999999999979	0.55	1.863339179820452	0.726613446714307	1477010455100000.0
nan	24.400000000000077	2.0	6.682499999999979	0.55	1.8426552977631714	0.77757408240329	1477010455150000.0
nan	24.500000000000078	2.0	6.709999999999979	0.55	1.8205779954547834	0.8279467147503172	1477010455200000.0
nan	24.60000000000008	2.0	6.7374999999999785	0.55	1.7971239678029918	0.8776932518528506	1477010455250000.0
nan	24.70000000000008	2.0	6.764999999999978	0.55	1.7723109507984292	0.9267760752630421	1477010455300000.0
nan	24.800000000000082	2.0	6.792499999999978	0.55	1.7461577081026591	0.9751580684348915	1477010455350000.0
nan	24.900000000000084	2.0	6.819999999999978	0.55	1.7186840168590511	1.0228026447918666	1477010455400000.0
nan	25.000000000000085	2.0	6.847499999999978	0.55	1.6899106527372583	1.0696737753937569	1477010455450000.0
nan	25.100000000000087	2.0	6.874999999999978	0.55	1.6598593742226082	1.1157360161818435	1477010455500000.0
nan	25.200000000000088	2.0	6.902499999999978	0.55	1.6285529061622848	1.1609545347817787	1477010455550000.0
nan	25.30000000000009	2.0	6.9299999999999775	0.55	1.5960149225807454	1.205295136843909	1477010455600000.0
nan	25.40000000000009	2.0	6.957499999999977	0.55	1.562270028777368	1.2487242919011232	1477010455650000.0
nan	25.500000000000092	2.0	6.984999999999977	0.55	1.5273437427198677	1.2912091587246686	1477010455700000.0
nan	25.600000000000094	2.0	7.012499999999977	0.55	1.4912624757475477	1.3327176101587668	1477010455750000.0
nan	25.700000000000095	2.0	7.039999999999977	0.55	1.4540535125989835	1.3732182574152434	1477010455800000.0
nan	25.800000000000097	2.0	7.067499999999977	0.55	1.4157449907792405	1.4126804738098024	1477010455850000.0
nan	25.900000000000098	2.0	7.094999999999977	0.55	1.3763658792822258	1.451074417921998	1477010455900000.0
nan	26.0000000000001	2.0	7.1224999999999765	0.55	1.3359459566842669	1.4883710561613859	1477010455950000.0
nan	26.1000000000001	2.0	7.149999999999976	0.55	1.2945157886254837	1.5245421847227913	1477010456000000.0
nan	26.200000000000102	2.0	7.177499999999976	0.55	1.2521067046959795	1.559560450914095	1477010456050000.0
nan	26.300000000000104	2.0	7.204999999999976	0.55	1.2087507747443305	1.5933993738404006	1477010456100000.0
nan	26.400000000000105	2.0	7.232499999999976	0.55	1.1644807846262928	1.6260333644289509	1477010456150000.0
nan	26.500000000000107	2.0	7.259999999999976	0.55	1.1193302114120607	1.6574377447796438	1477010456200000.0
nan	26.600000000000108	2.0	7.287499999999976	0.55	1.0733331980708274	1.6875887668265188	1477010456250000.0
nan	26.70000000000011	2.0	7.3149999999999755	0.55	1.0265245276517925	1.7164636302960994	1477010456300000.0
nan	26.80000000000011	2.0	7.342499999999975	0.55	0.9789395969811389	1.7440404999490136	1477010456350000.0
nan	26.900000000000112	2.0	7.369999999999975	0.55	0.930614389894869	1.7702985220918535	1477010456400000.0
nan	27.000000000000114	2.0	7.397499999999975	0.55	0.8815854500277445	1.7952178403467862	1477010456450000.0
nan	27.100000000000115	2.0	7.424999999999975	0.55	0.8318898531789037	1.818779610666994	1477010456500000.0
nan	27.200000000000117	2.0	7.452499999999975	0.55	0.7815651792750558	1.840966015586586	1477010456550000.0
nan	27.300000000000118	2.0	7.479999999999975	0.55	0.7306494839524518	1.8617602776942084	1477010456600000.0
nan	27.40000000000012	2.0	7.5074999999999745	0.55	0.6791812697791239	1.8811466723201615	1477010456650000.0
nan	27.50000000000012	2.0	7.534999999999974	0.55	0.6271994571391527	1.8991105394274321	1477010456700000.0
nan	27.600000000000122	2.0	7.562499999999974	0.55	0.5747433548009824	1.9156382946976478	1477010456750000.0
nan	27.700000000000124	2.0	7.589999999999974	0.55	0.5218526301920373	1.9307174398035702	1477010456800000.0
nan	27.800000000000125	2.0	7.617499999999974	0.55	0.4685672794021206	1.9443365718603596	1477010456850000.0
nan	27.900000000000126	2.0	7.644999999999974	0.55	0.4149275969382779	1.9564853920484624	1477010456900000.0
nan	28.000000000000128	2.0	7.672499999999974	0.55	0.36097414525399607	1.967154713401604	1477010456950000.0
nan	28.10000000000013	2.0	7.6999999999999735	0.55	0.3067477240757814	1.9763364677539925	1477010457000000.0
nan	28.20000000000013	2.0	7.727499999999973	0.55	0.2522893395503106	1.984023711841486	1477010457050000.0
nan	28.300000000000132	2.0	7.754999999999973	0.55	0.19764017323548688	1.9902106325521043	1477010457100000.0
nan	28.400000000000134	2.0	7.782499999999973	0.55	0.14284155095884926	1.9948925513219178	1477010457150000.0
nan	28.500000000000135	2.0	7.809999999999973	0.55	0.08793491156688506	1.9980659276729895	1477010457200000.0
nan	28.600000000000136	2.0	7.837499999999973	0.55	0.03296177558887712	1.9997283618906916	1477010457250000.0
nan	28.700000000000138	2.0	7.864999999999973	0.55	-0.02203628616101759	1.9998785968383754	1477010457300000.0
nan	28.80000000000014	2.0	7.8924999999999725	0.55	-0.07701768401971505	1.9985165189080223	1477010457350000.0
nan	28.90000000000014	2.0	7.919999999999972	0.55	-0.13194084092540478	1.9956431581061522	1477010457400000.0
nan	29.000000000000142	2.0	7.947499999999972	0.55	-0.18676422385822136	1.9912606872749323	1477010457450000.0
nan	29.100000000000144	2.0	7.974999999999972	0.55	-0.24144637524761128	1.9853724204490677	1477010457500000.0
nan	29.200000000000145	2.0	8.002499999999973	0.55	-0.2959459443226467	1.9779828103497201	1477010457550000.0
nan	29.300000000000146	2.0	8.029999999999973	0.55	-0.350221718381568	1.9690974450173515	1477010457600000.0
nan	29.400000000000148	2.0	8.057499999999973	0.55	-0.40423265395693636	1.9587230435860328	1477010457650000.0
nan	29.50000000000015	2.0	8.084999999999972	0.55	-0.4579379078527924	1.94686745120242	1477010457700000.0
nan	29.60000000000015	2.0	8.112499999999972	0.55	-0.5112968680303788	1.933539633093236	1477010457750000.0
nan	29.700000000000152	2.0	8.139999999999972	0.55	-0.5642691843190585	1.9187496677857443	1477010457800000.0
nan	29.800000000000153	2.0	8.167499999999972	0.55	-0.6168147989292093	1.9025087394863445	1477010457850000.0
nan	29.900000000000155	2.0	8.194999999999972	0.55	-0.6688939767440168	1.8848291296230475	1477010457900000.0
nan	30.000000000000156	2.0	8.222499999999972	0.55	-0.7204673353672642	1.8657242075582323	1477010457950000.0
nan	30.100000000000158	2.0	8.249999999999972	0.55	-0.7714958749043912	1.8452084204787025	1477010458000000.0
nan	30.20000000000016	2.0	8.277499999999971	0.55	-0.8219410074543065	1.823297282470689	1477010458050000.0
nan	30.30000000000016	2.0	8.304999999999971	0.55	-0.8717645862896488	1.800007362788063	1477010458100000.0
nan	30.400000000000162	2.0	8.332499999999971	0.55	-0.9209289347034311	1.7753562733226262	1477010458150000.0
nan	30.500000000000163	2.0	8.359999999999971	0.55	-0.9693968745002547	1.749362655285958	1477010458200000.0
nan	30.600000000000165	2.0	8.38749999999997	0.55	-1.0171317541105485	1.7220461651128864	1477010458250000.0
nan	30.700000000000166	2.0	8.41499999999997	0.55	-1.06409747630657	1.6934274595972478	1477010458300000.0
nan	30.800000000000168	2.0	8.44249999999997	0.55	-1.1102585254992159	1.663528180271169	1477010458350000.0
nan	30.90000000000017	2.0	8.46999999999997	0.55	-1.155579994594991	1.6323709370396917	1477010458400000.0
nan	31.00000000000017	2.0	8.49749999999997	0.55	-1.2000276113928359	1.599979291083108	1477010458450000.0
nan	31.100000000000172	2.0	8.52499999999997	0.55	-1.2435677645008456	1.5663777370399419	1477010458500000.0
nan	31.200000000000173	2.0	8.55249999999997	0.55	-1.2861675287532819	1.5315916844840454	1477010458550000.0
nan	31.300000000000175	2.0	8.57999999999997	0.55	-1.3277946901086612	1.4956474387098198	1477010458600000.0
nan	31.400000000000176	2.0	8.60749999999997	0.55	-1.3684177700100888	1.4585721808400898	1477010458650000.0
nan	31.500000000000178	2.0	8.63499999999997	0.55	-1.408006049189416	1.4203939472716756	1477010458700000.0
nan	31.60000000000018	2.0	8.66249999999997	0.55	-1.4465295908972238	1.3811416084742036	1477010458750000.0
nan	31.70000000000018	2.0	8.68999999999997	0.55	-1.4839592635410623	1.3408448471581893	1477010458800000.0
nan	31.800000000000182	2.0	8.71749999999997	0.55	-1.5202667627148292	1.2995341358289028	1477010458850000.0
nan	31.900000000000183	2.0	8.744999999999969	0.55	-1.5554246326026284	1.2572407137429882	1477010458900000.0
nan	32.000000000000185	2.0	8.772499999999969	0.55	-1.5894062867409215	1.2139965632852654	1477010458950000.0
nan	32.100000000000186	2.0	8.799999999999969	0.55	-1.6221860281232745	1.1698343857835751	1477010459000000.0
nan	32.20000000000019	2.0	8.827499999999969	0.55	-1.653739068632494	1.1247875767799587	1477010459050000.0
nan	32.30000000000019	2.0	8.854999999999968	0.55	-1.684041547785459	1.0788902007768706	1477010459100000.0
nan	32.40000000000019	2.0	8.882499999999968	0.55	-1.7130705507764747	1.0321769654775217	1477010459150000.0
nan	32.50000000000019	2.0	8.909999999999968	0.55	-1.740804125805503	0.9846831955398341	1477010459200000.0
nan	32.60000000000019	2.0	8.937499999999968	0.55	-1.7672213006781623	0.9364448058638501	1477010459250000.0
nan	32.700000000000195	2.0	8.964999999999968	0.55	-1.7923020986649536	0.8874982744328028	1477010459300000.0
nan	32.800000000000196	2.0	8.992499999999968	0.55	-1.8160275536077075	0.8378806147283782	1477010459350000.0
nan	32.9000000000002	2.0	9.019999999999968	0.55	-1.8383797242618385	0.787629347741034	1477010459400000.0
nan	33.0000000000002	2.0	9.047499999999967	0.55	-1.859341707863556	0.7367824735965395	1477010459450000.0
nan	33.1000000000002	2.0	9.074999999999967	0.55	-1.8788976529117734	0.6853784428201904	1477010459500000.0
nan	33.2000000000002	2.0	9.102499999999967	0.55	-1.8970327711550516	0.6334561272604328	1477010459550000.0
nan	33.3000000000002	2.0	9.129999999999967	0.55	-1.913733348774508	0.581054790693879	1477010459600000.0
nan	33.400000000000205	2.0	9.157499999999967	0.55	-1.928986756754239	0.5282140591339486	1477010459650000.0
nan	33.500000000000206	2.0	9.184999999999967	0.55	-1.9427814604314115	0.4749738908655844	1477010459700000.0
nan	33.60000000000021	2.0	9.212499999999967	0.55	-1.955107028218802	0.421374546228703	1477010459750000.0
nan	33.70000000000021	2.0	9.239999999999966	0.55	-1.9659541394931863	0.36745655717323233	1477010459800000.0
nan	33.80000000000021	2.0	9.267499999999966	0.55	-1.975314591643619	0.31326069660875566	1477010459850000.0
nan	33.90000000000021	2.0	9.294999999999966	0.55	-1.983181306274264	0.25882794757194205	1477010459900000.0
nan	34.00000000000021	2.0	9.322499999999966	0.55	-1.9895483345570963	0.2041994722350781	1477010459950000.0
nan	34.100000000000215	2.0	9.349999999999966	0.55	-1.9944108617304188	0.1494165807791369	1477010460000000.0
nan	34.200000000000216	2.0	9.377499999999966	0.55	-1.9977652107397965	0.09452070015492224	1477010460050000.0
nan	34.30000000000022	2.0	9.404999999999966	0.55	-1.9996088450186535	0.03955334275591168	1477010460100000.0
nan	34.40000000000022	2.0	9.432499999999965	0.55	-1.999940370406431	-0.015443924973512808	1477010460150000.0
nan	34.50000000000022	2.0	9.459999999999965	0.55	-1.9987595362028545	-0.07042951397070735	1477010460200000.0
nan	34.60000000000022	2.0	9.487499999999965	0.55	-1.9960672353575137	-0.12536184400451272	1477010460250000.0
nan	34.70000000000022	2.0	9.514999999999965	0.55	-1.9918655037946127	-0.1801993751183225	1477010460300000.0
nan	34.800000000000225	2.0	9.542499999999965	0.55	-1.9861575188733982	-0.23490063904269565	1477010460350000.0
nan	34.900000000000226	2.0	9.569999999999965	0.55	-1.9789475969854342	-0.28942427055375874	1477010460400000.0
nan	35.00000000000023	2.0	9.597499999999965	0.55	-1.970241190290536	-0.34372903875368543	1477010460450000.0
nan	35.10000000000023	2.0	9.624999999999964	0.55	-1.9600448825938335	-0.3977738782495976	1477010460500000.0
nan	35.20000000000023	2.0	9.652499999999964	0.55	-1.948366384367084	-0.4515179202073118	1477010460550000.0
nan	35.30000000000023	2.0	9.679999999999964	0.55	-1.935214526917994	-0.5049205232564474	1477010460600000.0
nan	35.40000000000023	2.0	9.707499999999964	0.55	-1.9205992557119642	-0.5579413042235262	1477010460650000.0
nan	35.500000000000234	2.0	9.734999999999964	0.55	-1.904531622851305	-0.610540168669822	1477010460700000.0
nan	35.600000000000236	2.0	9.762499999999964	0.55	-1.8870237787176112	-0.6626773412108701	1477010460750000.0
nan	35.70000000000024	2.0	9.789999999999964	0.55	-1.8680889627836148	-0.7143133955947055	1477010460800000.0
nan	35.80000000000024	2.0	9.817499999999963	0.55	-1.8477414936014647	-0.7654092845160874	1477010460850000.0
nan	35.90000000000024	2.0	9.844999999999963	0.55	-1.8259967579750038	-0.8159263691441621	1477010460900000.0
nan	36.00000000000024	2.0	9.872499999999963	0.55	-1.8028711993242326	-0.8658264483412382	1477010460950000.0
nan	36.10000000000024	2.0	9.899999999999963	0.55	-1.778382305250756	-0.9150717875505764	1477010461000000.0
nan	36.200000000000244	2.0	9.927499999999963	0.55	-1.7525485943136174	-0.9636251473313486	1477010461050000.0
nan	36.300000000000246	2.0	9.954999999999963	0.55	-1.7253896020255228	-1.0114498115191917	1477010461100000.0
nan	36.40000000000025	2.0	9.982499999999963	0.55	-1.6969258660800381	-1.0585096149910556	1477010461150000.0
nan	36.50000000000025	2.0	10.009999999999962	0.55	-1.667178910820939	-1.1047689710133555	1477010461200000.0
nan	36.60000000000025	2.0	10.037499999999962	0.55	-1.6361712309654504	-1.1501928981527416	1477010461250000.0
nan	36.70000000000025	2.0	10.064999999999962	0.55	-1.6039262745936897	-1.1947470467291423	1477010461300000.0
nan	36.80000000000025	2.0	10.092499999999962	0.55	-1.5704684254171735	-1.238397724791072	1477010461350000.0
nan	36.900000000000254	2.0	10.119999999999962	0.55	-1.5358229843397968	-1.2811119235935635	1477010461400000.0
nan	37.000000000000256	2.0	10.147499999999962	0.55	-1.5000161503252316	-1.3228573425594585	1477010461450000.0
nan	37.10000000000026	2.0	10.174999999999962	0.55	-1.4630750005852082	-1.36360241370518	1477010461500000.0
nan	37.20000000000026	2.0	10.202499999999961	0.55	-1.4250274701036652	-1.4033163255125152	1477010461550000.0
nan	37.30000000000026	2.0	10.229999999999961	0.55	-1.3859023305122484	-1.4419690462283572	1477010461600000.0
nan	37.40000000000026	2.0	10.257499999999961	0.55	-1.345729168333136	-1.4795313465747881	1477010461650000.0
nan	37.50000000000026	2.0	10.284999999999961	0.55	-1.3045383626056415	-1.5159748218523261	1477010461700000.0
nan	37.600000000000264	2.0	10.312499999999961	0.55	-1.262361061913512	-1.551271913419627	1477010461750000.0
nan	37.700000000000266	2.0	10.33999999999996	0.55	-1.2192291608302972	-1.5853959295333924	1477010461800000.0
nan	37.80000000000027	2.0	10.36749999999996	0.55	-1.1751752758005984	-1.6183210655327291	1477010461850000.0
nan	37.90000000000027	2.0	10.39499999999996	0.55	-1.1302327204754357	-1.6500224233526937	1477010461900000.0
nan	38.00000000000027	2.0	10.42249999999996	0.55	-1.0844354805203877	-1.6804760303522677	1477010461950000.0
nan	38.10000000000027	2.0	10.44999999999996	0.55	-1.037818187915552	-1.709658857442525	1477010462000000.0
nan	38.20000000000027	2.0	10.47749999999996	0.55	-0.9904160947667595	-1.7375488365012828	1477010462050000.0
nan	38.300000000000274	2.0	10.50499999999996	0.55	-0.9422650466478508	-1.7641248770610667	1477010462100000.0
nan	38.400000000000276	2.0	10.53249999999996	0.55	-0.8934014554941686	-1.7893668822577724	1477010462150000.0
nan	38.50000000000028	2.0	10.55999999999996	0.55	-0.843862272067767	-1.8132557640279614	1477010462200000.0
nan	38.60000000000028	2.0	10.58749999999996	0.55	-0.7936849580151586	-1.8357734575432982	1477010462250000.0
nan	38.70000000000028	2.0	10.61499999999996	0.55	-0.74290745753873	-1.8569029348712172	1477010462300000.0
nan	38.80000000000028	2.0	10.64249999999996	0.55	-0.6915681687032472	-1.876628217851484	1477010462350000.0
nan	38.90000000000028	2.0	10.669999999999959	0.55	-0.6397059143991484	-1.8949343901789184	1477010462400000.0
nan	39.000000000000284	2.0	10.697499999999959	0.55	-0.5873599129845841	-1.9118076086831388	1477010462450000.0
nan	39.100000000000286	2.0	10.724999999999959	0.55	-0.5345697486284023	-1.9272351137968005	1477010462500000.0
nan	39.20000000000029	2.0	10.752499999999959	0.55	-0.4813753413765079	-1.94120523920441	1477010462550000.0
nan	39.30000000000029	2.0	10.779999999999959	0.55	-0.4278169169642297	-1.95370742066442	1477010462600000.0
nan	39.40000000000029	2.0	10.807499999999958	0.55	-0.37393497639752593	-1.9647322039979347	1477010462650000.0
nan	39.50000000000029	2.0	10.834999999999958	0.55	-0.31977026532602826	-1.97427125223798	1477010462700000.0
nan	39.60000000000029	2.0	10.862499999999958	0.55	-0.2653637432310862	-1.9823173519339394	1477010462750000.0
nan	39.700000000000294	2.0	10.889999999999958	0.55	-0.21075655245211153	-1.9888644186063815	1477010462800000.0
nan	39.800000000000296	2.0	10.917499999999958	0.55	-0.15598998707464476	-1.9939075013481573	1477010462850000.0
nan	39.9000000000003	2.0	10.944999999999958	0.55	-0.101105461703671	-1.997442786568288	1477010462900000.0
nan	40.0000000000003	2.0	10.972499999999958	0.55	-0.04614448014579865	-1.9994676008758117	1477010462950000.0
nan	40.1000000000003	2.0	10.999999999999957	0.55	0.008851395976016307	-1.9999804131014074	1477010463000000.0
nan	40.2000000000003	2.0	11.027499999999957	0.55	0.06384057865146692	-1.9989808354552692	1477010463050000.0
nan	40.3000000000003	2.0	11.054999999999957	0.55	0.11878148493184607	-1.9964696238203539	1477010463100000.0
nan	40.400000000000304	2.0	11.082499999999957	0.55	0.17363256837516958	-1.9924486771807806	1477010463150000.0
nan	40.500000000000306	2.0	11.109999999999957	0.55	0.2283523504636931	-1.9869210361858134	1477010463200000.0
nan	40.60000000000031	2.0	11.137499999999957	0.55	0.2828994519700641	-1.9798908808505173	1477010463250000.0
nan	40.70000000000031	2.0	11.164999999999957	0.55	0.3372326242483908	-1.9713635273948191	1477010463300000.0
nan	40.80000000000031	2.0	11.192499999999956	0.55	0.39131078042656453	-1.9613454242233705	1477010463350000.0
nan	40.90000000000031	2.0	11.219999999999956	0.55	0.4450930264762487	-1.949844147049249	1477010463400000.0
nan	41.00000000000031	2.0	11.247499999999956	0.55	0.49853869213703894	-1.9368683931651862	1477010463450000.0
nan	41.100000000000314	2.0	11.274999999999956	0.55	0.5516073616714089	-1.9224279748666548	1477010463500000.0
nan	41.200000000000315	2.0	11.302499999999956	0.55	0.6042589044271862	-1.9065338120317867	1477010463550000.0
nan	41.30000000000032	2.0	11.329999999999956	0.55	0.6564535051844448	-1.8891979238637375	1477010463600000.0
nan	41.40000000000032	2.0	11.357499999999956	0.55	0.7081516942638684	-1.8704334198017347	1477010463650000.0
nan	41.50000000000032	2.0	11.384999999999955	0.55	0.7593143773738134	-1.8502544896076913	1477010463700000.0
nan	41.60000000000032	2.0	11.412499999999955	0.55	0.8099028651735047	-1.8286763926358724	1477010463750000.0
nan	41.70000000000032	2.0	11.439999999999955	0.55	0.8598789025300054	-1.805715446293738	1477010463800000.0
nan	41.800000000000324	2.0	11.467499999999955	0.55	0.9092046974468379	-1.781389013702679	1477010463850000.0
nan	41.900000000000325	2.0	11.494999999999955	0.55	0.9578429496423798	-1.7557154905679866	1477010463900000.0
nan	42.00000000000033	2.0	11.522499999999955	0.55	1.005756878756425	-1.728714291267974	1477010463950000.0
nan	42.10000000000033	2.0	11.549999999999955	0.55	1.0529102521635774	-1.7004058341727812	1477010464000000.0
nan	42.20000000000033	2.0	11.577499999999954	0.55	1.099267412372448	-1.670811526203953	1477010464050000.0
nan	42.30000000000033	2.0	11.604999999999954	0.55	1.144793303989932	-1.6399537466464762	1477010464100000.0
nan	42.40000000000033	2.0	11.632499999999954	0.55	1.189453500230181	-1.6078558302255122	1477010464150000.0
nan	42.500000000000334	2.0	11.659999999999954	0.55	1.233214228948217	-1.5745420494606215	1477010464200000.0
nan	42.600000000000335	2.0	11.687499999999954	0.55	1.2760423981785094	-1.54003759631083	1477010464250000.0
nan	42.70000000000034	2.0	11.714999999999954	0.55	1.3179056211591955	-1.5043685631244077	1477010464300000.0
nan	42.80000000000034	2.0	11.742499999999954	0.55	1.3587722408230265	-1.4675619229077768	1477010464350000.0
nan	42.90000000000034	2.0	11.769999999999953	0.55	1.3986113537365155	-1.4296455089284588	1477010464400000.0
nan	43.00000000000034	2.0	11.797499999999953	0.55	1.437392833469186	-1.3906479936674936	1477010464450000.0
nan	43.10000000000034	2.0	11.824999999999953	0.55	1.4750873533752498	-1.350598867137242	1477010464500000.0
nan	43.200000000000344	2.0	11.852499999999953	0.55	1.5116664087704845	-1.309528414580969	1477010464550000.0
nan	43.300000000000345	2.0	11.879999999999953	0.55	1.547102338487544	-1.2674676935710723	1477010464600000.0
nan	43.40000000000035	2.0	11.907499999999953	0.55	1.5813683457933951	-1.2244485105232725	1477010464650000.0
nan	43.50000000000035	2.0	11.934999999999953	0.55	1.6144385186530734	-1.180503396644529	1477010464700000.0
nan	43.60000000000035	2.0	11.962499999999952	0.55	1.6462878493244215	-1.1356655833328626	1477010464750000.0
nan	43.70000000000035	2.0	11.989999999999952	0.55	1.6768922532690045	-1.089968977047696	1477010464800000.0
nan	43.80000000000035	2.0	12.017499999999952	0.55	1.7062285873648935	-1.0434481336697097	1477010464850000.0
nan	43.900000000000354	2.0	12.044999999999952	0.55	1.734274667407548	-0.9961382323696039	1477010464900000.0
nan	44.000000000000355	2.0	12.072499999999952	0.55	1.7610092848855645	-0.9480750490055271	1477010464950000.0
nan	44.10000000000036	2.0	12.099999999999952	0.55	1.786412223018602	-0.8992949290692887	1477010465000000.0
nan	44.20000000000036	2.0	12.127499999999952	0.55	1.8104642720453579	-0.8498347602018125	1477010465050000.0
nan	44.30000000000036	2.0	12.154999999999951	0.55	1.833147243750036	-0.7997319442986168	1477010465100000.0
nan	44.40000000000036	2.0	12.182499999999951	0.55	1.8544439852163164	-0.7490243692264134	1477010465150000.0
nan	44.50000000000036	2.0	12.209999999999951	0.55	1.8743383917984318	-0.6977503801722134	1477010465200000.0
nan	44.600000000000364	2.0	12.237499999999951	0.55	1.8928154192995381	-0.6459487506466077	1477010465250000.0
nan	44.700000000000365	2.0	12.26499999999995	0.55	1.9098610953481716	-0.5936586531631474	1477010465300000.0
nan	44.80000000000037	2.0	12.29249999999995	0.55	1.9254625299641883	-0.5409196296159969	1477010465350000.0
nan	44.90000000000037	2.0	12.31999999999995	0.55	1.9396079253061977	-0.4877715613782614	1477010465400000.0
nan	45.00000000000037	2.0	12.34749999999995	0.55	1.9522865845931183	-0.4342546391435988	1477010465450000.0
nan	45.10000000000037	2.0	12.37499999999995	0.55	1.9634889201931074	-0.3804093325339234	1477010465500000.0
nan	45.20000000000037	2.0	12.40249999999995	0.55	1.973206460873752	-0.3262763594961828	1477010465550000.0
nan	45.300000000000374	2.0	12.42999999999995	0.55	1.9814318582080337	-0.271896655511351	1477010465600000.0
nan	45.400000000000375	2.0	12.45749999999995	0.55	1.9881588921312272	-0.2173113426389222	1477010465650000.0
nan	45.50000000000038	2.0	12.48499999999995	0.55	1.993382475644527	-0.1625616984203127	1477010465700000.0
nan	45.60000000000038	2.0	12.51249999999995	0.55	1.9970986586618482	-0.10768912466468766	1477010465750000.0
nan	45.70000000000038	2.0	12.53999999999995	0.55	1.9993046309968912	-0.05273511614081596	1477010465800000.0
nan	45.80000000000038	2.0	12.56749999999995	0.55	1.99999872448821	0.0022587708013710396	1477010465850000.0
nan	45.90000000000038	2.0	12.59499999999995	0.55	1.9991804142606815	0.05725094965578869	1477010465900000.0
nan	46.000000000000384	2.0	12.622499999999949	0.55	1.996850319122416	0.1121998352080123	1477010465950000.0
nan	46.100000000000385	2.0	12.649999999999949	0.55	1.9930102010968134	0.1670638749821137	1477010466000000.0
nan	46.20000000000039	2.0	12.677499999999949	0.55	1.987662964090117	0.22180158066274075	1477010466050000.0
nan	46.30000000000039	2.0	12.704999999999949	0.55	1.980812651695473	0.27637155946867875	1477010466100000.0
nan	46.40000000000039	2.0	12.732499999999948	0.55	1.972464444135155	0.3307325454541683	1477010466150000.0
nan	46.50000000000039	2.0	12.759999999999948	0.55	1.96262465434327	0.38484343071431026	1477010466200000.0
nan	46.60000000000039	2.0	12.787499999999948	0.55	1.9513007231918997	0.4386632964709597	1477010466250000.0
nan	46.700000000000394	2.0	12.814999999999948	0.55	1.9385012138642983	0.4921514440156016	1477010466300000.0
nan	46.800000000000395	2.0	12.842499999999948	0.55	1.924235805379392	0.5452674254858098	1477010466350000.0
nan	46.9000000000004	2.0	12.869999999999948	0.55	1.9085152852724818	0.5979710744520149	1477010466400000.0
nan	47.0000000000004	2.0	12.897499999999948	0.55	1.8913515414376858	0.6502225362914529	1477010466450000.0
nan	47.1000000000004	2.0	12.924999999999947	0.55	1.872757553138284	0.7019822983263235	1477010466500000.0
nan	47.2000000000004	2.0	12.952499999999947	0.55	1.8527473811917696	0.7532112197033706	1477010466550000.0
nan	47.3000000000004	2.0	12.979999999999947	0.55	1.8313361573370268	0.8038705609922862	1477010466600000.0
nan	47.400000000000404	2.0	13.007499999999947	0.55	1.8085400727916727	0.8539220134805587	1477010466650000.0
nan	47.500000000000405	2.0	13.034999999999947	0.55	1.7843763660082221	0.9033277281426113	1477010466700000.0
nan	47.600000000000406	2.0	13.062499999999947	0.55	1.7588633096383288	0.9520503442613234	1477010466750000.0
nan	47.70000000000041	2.0	13.089999999999947	0.55	1.7320201967149635	1.0000530176802924	1477010466800000.0
nan	47.80000000000041	2.0	13.117499999999946	0.55	1.703867326062977	1.0472994486654714	1477010466850000.0
nan	47.90000000000041	2.0	13.144999999999946	0.55	1.6744259869490825	1.0937539093551123	1477010466900000.0
nan	48.00000000000041	2.0	13.172499999999946	0.55	1.64371844298286	1.1393812707772595	1477010466950000.0
nan	48.10000000000041	2.0	13.199999999999946	0.55	1.6117679152809645	1.1841470294143601	1477010467000000.0
nan	48.200000000000415	2.0	13.227499999999946	0.55	1.578598564907263	1.2280173332949051	1477010467050000.0
nan	48.300000000000416	2.0	13.254999999999946	0.55	1.5442354746021802	1.270959007592369	1477010467100000.0
nan	48.40000000000042	2.0	13.282499999999946	0.55	1.508704629815073	1.3129395797120915	1477010467150000.0
nan	48.50000000000042	2.0	13.309999999999945	0.55	1.4720328990539717	1.3539273038471302	1477010467200000.0
nan	48.60000000000042	2.0	13.337499999999945	0.55	1.4342480135675522	1.3938911849845135	1477010467250000.0
nan	48.70000000000042	2.0	13.364999999999945	0.55	1.3953785463746995	1.4328010023437416	1477010467300000.0
nan	48.80000000000042	2.0	13.392499999999945	0.55	1.3554538906575258	1.470627332229813	1477010467350000.0
nan	48.900000000000425	2.0	13.419999999999945	0.55	1.3145042375341756	1.5073415702834894	1477010467400000.0
nan	49.000000000000426	2.0	13.447499999999945	0.55	1.2725605532282325	1.5429159531119816	1477010467450000.0
nan	49.10000000000043	2.0	13.474999999999945	0.55	1.229654555651988	1.5773235792836902	1477010467500000.0
nan	49.20000000000043	2.0	13.502499999999944	0.55	1.1858186904212822	1.6105384296711318	1477010467550000.0
nan	49.30000000000043	2.0	13.529999999999944	0.55	1.1410861063200528	1.6425353871266644	1477010467600000.0
nan	49.40000000000043	2.0	13.557499999999944	0.55	1.095490630233147	1.673290255476133	1477010467650000.0
nan	49.50000000000043	2.0	13.584999999999944	0.55	1.0490667415663526	1.7027797778160731	1477010467700000.0
nan	49.600000000000435	2.0	13.612499999999944	0.55	1.0018495461729904	1.7309816541006358	1477010467750000.0
nan	49.700000000000436	2.0	13.639999999999944	0.55	0.9538747498067848	1.7578745580049344	1477010467800000.0
nan	49.80000000000044	2.0	13.667499999999944	0.55	0.9051786311210904	1.7834381530520618	1477010467850000.0
nan	49.90000000000044	2.0	13.694999999999943	0.55	0.8557980142348889	1.8076531079915805	1477010467900000.0
nan	50.00000000000044	2.0	13.722499999999943	0.55	0.8057702408863041	1.8305011114178618	1477010467950000.0
