L	0.12242	0.03350	1477010443000000	0.11000	0.10000	2.00000	0.00000
R	0.06915	0.74967	1.33835	1477010443050000	0.21000	0.20000	1.99924	0.05499
L	0.29500	0.40857	1477010443100000	0.30994	0.30000	1.99698	0.10994
R	0.53104	0.78392	1.44666	1477010443150000	0.40972	0.40000	1.99320	0.16481
L	0.44578	0.59657	1477010443200000	0.50921	0.50000	1.98791	0.21956
R	0.99363	0.79300	1.67899	1477010443250000	0.60830	0.60000	1.98112	0.27413
L	0.73687	0.60271	1477010443300000	0.70689	0.70000	1.97284	0.32850
R	0.79269	0.82032	1.77024	1477010443350000	0.80486	0.80000	1.96306	0.38263
L	0.87790	0.81188	1477010443400000	0.90210	0.90000	1.95179	0.43646
R	1.49053	0.78801	1.90461	1477010443450000	0.99851	1.00000	1.93906	0.48996
L	1.18561	1.33028	1477010443500000	1.09397	1.10000	1.92485	0.54309
R	1.86065	0.77329	1.73222	1477010443550000	1.18839	1.20000	1.90919	0.59582
L	1.48700	1.32517	1477010443600000	1.28166	1.30000	1.89208	0.64809
R	2.22813	0.79359	1.47552	1477010443650000	1.37367	1.40000	1.87355	0.69987
L	1.36083	1.42300	1477010443700000	1.46434	1.50000	1.85360	0.75112
R	2.20884	0.78669	1.66234	1477010443750000	1.55356	1.60000	1.83224	0.80180
L	1.65835	1.89301	1477010443800000	1.64125	1.70000	1.80950	0.85188
R	2.58503	0.80918	1.77082	1477010443850000	1.72731	1.80000	1.78540	0.90131
L	1.70038	2.23814	1477010443900000	1.81165	1.90000	1.75994	0.95006
R	2.52550	0.81893	2.00952	1477010443950000	1.89420	2.00000	1.73315	0.99810
L	1.99087	2.11361	1477010444000000	1.97487	2.10000	1.70505	1.04537
R	3.11322	0.82651	2.22614	1477010444050000	2.05358	2.20000	1.67566	1.09186
L	2.41566	2.44283	1477010444100000	2.13027	2.30000	1.64500	1.13752
R	3.26907	0.83996	2.03633	1477010444150000	2.20487	2.40000	1.61310	1.18233
L	2.24583	2.57855	1477010444200000	2.27730	2.50000	1.57998	1.22623
R	3.44467	0.86251	1.81520	1477010444250000	2.34752	2.60000	1.54567	1.26921
L	2.20973	2.94725	1477010444300000	2.41546	2.70000	1.51019	1.31123
R	3.67081	0.85259	1.79699	1477010444350000	2.48107	2.80000	1.47356	1.35226
L	2.49922	2.96486	1477010444400000	2.54432	2.90000	1.43582	1.39227
R	4.05174	0.87730	2.00554	1477010444450000	2.60514	3.00000	1.39700	1.43122
L	2.68077	3.02944	1477010444500000	2.66352	3.10000	1.35711	1.46910
R	4.05803	0.85531	1.91818	1477010444550000	2.71942	3.20000	1.31621	1.50586
L	2.59589	3.44336	1477010444600000	2.77281	3.30000	1.27430	1.54148
R	4.27376	0.86995	2.31519	1477010444650000	2.82366	3.40000	1.23144	1.57593
L	2.87520	3.77471	1477010444700000	2.87198	3.50000	1.18764	1.60920
R	4.35890	0.89434	1.75242	1477010444750000	2.91774	3.60000	1.14294	1.64125
L	2.63234	3.70582	1477010444800000	2.96094	3.70000	1.09738	1.67205
R	4.92570	0.89238	1.99662	1477010444850000	3.00158	3.80000	1.05099	1.70159
L	2.75152	3.76932	1477010444900000	3.03968	3.90000	1.00380	1.72985
R	5.20907	0.92098	2.13005	1477010444950000	3.07523	4.00000	0.95586	1.75680
L	3.04329	4.19595	1477010445000000	3.10827	4.10000	0.90719	1.78241
R	5.31412	0.92268	1.78361	1477010445050000	3.13882	4.20000	0.85784	1.80669
L	3.19641	4.33959	1477010445100000	3.16691	4.30000	0.80784	1.82959
R	5.27372	0.95199	1.97053	1477010445150000	3.19258	4.40000	0.75722	1.85111
L	3.58905	4.55051	1477010445200000	3.21588	4.50000	0.70604	1.87123
R	5.88416	0.95956	1.94063	1477010445250000	3.23686	4.60000	0.65432	1.88994
L	3.37941	4.51777	1477010445300000	3.25557	4.70000	0.60211	1.90722
R	5.82977	0.96456	1.94877	1477010445350000	3.27209	4.80000	0.54944	1.92305
L	3.44452	4.85651	1477010445400000	3.28649	4.90000	0.49635	1.93743
R	6.19559	1.00091	1.64638	1477010445450000	3.29885	5.00000	0.44289	1.95035
L	3.44648	5.14237	1477010445500000	3.30927	5.10000	0.38910	1.96179
R	6.26873	1.00387	2.02805	1477010445550000	3.31785	5.20000	0.33501	1.97174
L	3.38328	5.33305	1477010445600000	3.32471	5.30000	0.28066	1.98021
R	6.29354	1.00855	1.89275	1477010445650000	3.32996	5.40000	0.22611	1.98718
L	3.24059	5.47382	1477010445700000	3.33376	5.50000	0.17138	1.99264
R	6.48157	1.03712	1.66741	1477010445750000	3.33627	5.60000	0.11653	1.99660
L	3.27858	5.63315	1477010445800000	3.33768	5.70000	0.06158	1.99905
R	6.90489	1.04748	1.76182	1477010445850000	3.33822	5.80000	0.00659	1.99999
L	3.26818	5.88267	1477010445900000	3.33824	5.90000	-0.04840	1.99941
R	nan	nan	nan	1477010445950000	nan	6.00000	-0.10336	1.99733
L	nan	6.07802	1477010446000000	nan	6.10000	-0.15824	1.99373
R	nan	nan	nan	1477010446050000	nan	6.20000	-0.21300	1.98863
L	nan	6.26059	1477010446100000	nan	6.30000	-0.26760	1.98202
R	nan	nan	nan	1477010446150000	nan	6.40000	-0.32200	1.97391
L	nan	6.42338	1477010446200000	nan	6.50000	-0.37615	1.96431
R	nan	nan	nan	1477010446250000	nan	6.60000	-0.43002	1.95322
L	nan	6.63453	1477010446300000	nan	6.70000	-0.48357	1.94066
R	nan	nan	nan	1477010446350000	nan	6.80000	-0.53675	1.92663
L	nan	6.87149	1477010446400000	nan	6.90000	-0.58952	1.91114
R	nan	nan	nan	1477010446450000	nan	7.00000	-0.64185	1.89421
L	nan	7.10529	1477010446500000	nan	7.10000	-0.69369	1.87585
R	nan	nan	nan	1477010446550000	nan	7.20000	-0.74500	1.85606
L	nan	7.42950	1477010446600000	nan	7.30000	-0.79576	1.83488
R	nan	nan	nan	1477010446650000	nan	7.40000	-0.84591	1.81230
L	nan	7.74063	1477010446700000	nan	7.50000	-0.89542	1.78836
R	nan	nan	nan	1477010446750000	nan	7.60000	-0.94426	1.76306
L	nan	7.80462	1477010446800000	nan	7.70000	-0.99238	1.73643
R	nan	nan	nan	1477010446850000	nan	7.80000	-1.03975	1.70849
L	nan	7.98880	1477010446900000	nan	7.90000	-1.08633	1.67925
R	nan	nan	nan	1477010446950000	nan	8.00000	-1.13210	1.64874
L	nan	8.10556	1477010447000000	nan	8.10000	-1.17700	1.61699
R	nan	nan	nan	1477010447050000	nan	8.20000	-1.22102	1.58402
L	nan	8.53079	1477010447100000	nan	8.30000	-1.26411	1.54985
R	nan	nan	nan	1477010447150000	nan	8.40000	-1.30625	1.51450
L	nan	8.31729	1477010447200000	nan	8.50000	-1.34740	1.47801
R	nan	nan	nan	1477010447250000	nan	8.60000	-1.38753	1.44040
L	nan	8.56567	1477010447300000	nan	8.70000	-1.42661	1.40171
R	nan	nan	nan	1477010447350000	nan	8.80000	-1.46461	1.36195
L	nan	9.02144	1477010447400000	nan	8.90000	-1.50151	1.32116
R	nan	nan	nan	1477010447450000	nan	9.00000	-1.53727	1.27938
L	nan	9.04753	1477010447500000	nan	9.10000	-1.57187	1.23662
R	nan	nan	nan	1477010447550000	nan	9.20000	-1.60527	1.19293
L	nan	9.52841	1477010447600000	nan	9.30000	-1.63747	1.14834
R	nan	nan	nan	1477010447650000	nan	9.40000	-1.66843	1.10289
L	nan	9.68208	1477010447700000	nan	9.50000	-1.69812	1.05659
R	nan	nan	nan	1477010447750000	nan	9.60000	-1.72653	1.00950
L	nan	9.64218	1477010447800000	nan	9.70000	-1.75364	0.96165
R	nan	nan	nan	1477010447850000	nan	9.80000	-1.77941	0.91306
L	nan	10.22285	1477010447900000	nan	9.90000	-1.80385	0.86379
R	nan	nan	nan	1477010447950000	nan	10.00000	-1.82692	0.81386
L	nan	10.04950	1477010448000000	nan	10.10000	-1.84860	0.76332
R	nan	nan	nan	1477010448050000	nan	10.20000	-1.86889	0.71220
L	nan	10.13697	1477010448100000	nan	10.30000	-1.88777	0.66055
R	nan	nan	nan	1477010448150000	nan	10.40000	-1.90522	0.60839
L	nan	10.18843	1477010448200000	nan	10.50000	-1.92123	0.55577
R	nan	nan	nan	1477010448250000	nan	10.60000	-1.93578	0.50273
L	nan	10.57326	1477010448300000	nan	10.70000	-1.94888	0.44932
R	nan	nan	nan	1477010448350000	nan	10.80000	-1.96049	0.39556
L	nan	11.16264	1477010448400000	nan	10.90000	-1.97063	0.34150
R	nan	nan	nan	1477010448450000	nan	11.00000	-1.97927	0.28719
L	nan	11.03772	1477010448500000	nan	11.10000	-1.98642	0.23266
R	nan	nan	nan	1477010448550000	nan	11.20000	-1.99207	0.17795
L	nan	11.48113	1477010448600000	nan	11.30000	-1.99621	0.12311
R	nan	nan	nan	1477010448650000	nan	11.40000	-1.99884	0.06817
L	nan	11.49444	1477010448700000	nan	11.50000	-1.99996	0.01319
R	nan	nan	nan	1477010448750000	nan	11.60000	-1.99956	-0.04181
L	nan	11.43556	1477010448800000	nan	11.70000	-1.99766	-0.09678
R	nan	nan	nan	1477010448850000	nan	11.80000	-1.99424	-0.15167
L	nan	12.01324	1477010448900000	nan	11.90000	-1.98932	-0.20645
R	nan	nan	nan	1477010448950000	nan	12.00000	-1.98289	-0.26107
L	nan	12.40830	1477010449000000	nan	12.10000	-1.97496	-0.31549
R	nan	nan	nan	1477010449050000	nan	12.20000	-1.96554	-0.36968
L	nan	12.21402	1477010449100000	nan	12.30000	-1.95463	-0.42358
R	nan	nan	nan	1477010449150000	nan	12.40000	-1.94224	-0.47717
L	nan	12.72322	1477010449200000	nan	12.50000	-1.92839	-0.53039
R	nan	nan	nan	1477010449250000	nan	12.60000	-1.91308	-0.58322
L	nan	12.60663	1477010449300000	nan	12.70000	-1.89632	-0.63560
R	nan	nan	nan	1477010449350000	nan	12.80000	-1.87812	-0.68750
L	nan	12.81139	1477010449400000	nan	12.90000	-1.85851	-0.73888
R	nan	nan	nan	1477010449450000	nan	13.00000	-1.83749	-0.78971
L	nan	13.08145	1477010449500000	nan	13.10000	-1.81508	-0.83993
R	nan	nan	nan	1477010449550000	nan	13.20000	-1.79130	-0.88952
L	nan	13.29635	1477010449600000	nan	13.30000	-1.76616	-0.93844
R	nan	nan	nan	1477010449650000	nan	13.40000	-1.73969	-0.98665
L	nan	13.34057	1477010449700000	nan	13.50000	-1.71190	-1.03411
R	nan	nan	nan	1477010449750000	nan	13.60000	-1.68282	-1.08079
L	nan	13.58144	1477010449800000	nan	13.70000	-1.65247	-1.12665
R	nan	nan	nan	1477010449850000	nan	13.80000	-1.62086	-1.17167
L	nan	13.82539	1477010449900000	nan	13.90000	-1.58803	-1.21579
R	nan	nan	nan	1477010449950000	nan	14.00000	-1.55400	-1.25900
L	nan	13.91060	1477010450000000	nan	14.10000	-1.51880	-1.30125
R	nan	nan	nan	1477010450050000	nan	14.20000	-1.48244	-1.34252
L	nan	14.42616	1477010450100000	nan	14.30000	-1.44497	-1.38277
R	nan	nan	nan	1477010450150000	nan	14.40000	-1.40640	-1.42198
L	nan	14.87811	1477010450200000	nan	14.50000	-1.36677	-1.46012
R	nan	nan	nan	1477010450250000	nan	14.60000	-1.32610	-1.49715
L	nan	14.86968	1477010450300000	nan	14.70000	-1.28444	-1.53304
R	nan	nan	nan	1477010450350000	nan	14.80000	-1.24180	-1.56778
L	nan	14.76614	1477010450400000	nan	14.90000	-1.19822	-1.60133
R	nan	nan	nan	1477010450450000	nan	15.00000	-1.15374	-1.63367
L	nan	15.23671	1477010450500000	nan	15.10000	-1.10838	-1.66478
R	nan	nan	nan	1477010450550000	nan	15.20000	-1.06218	-1.69463
L	nan	15.37562	1477010450600000	nan	15.30000	-1.01519	-1.72319
R	nan	nan	nan	1477010450650000	nan	15.40000	-0.96742	-1.75046
L	nan	15.36493	1477010450700000	nan	15.50000	-0.91892	-1.77640
R	nan	nan	nan	1477010450750000	nan	15.60000	-0.86973	-1.80099
L	nan	15.81113	1477010450800000	nan	15.70000	-0.81988	-1.82422
R	nan	nan	nan	1477010450850000	nan	15.80000	-0.76941	-1.84608
L	nan	15.86705	1477010450900000	nan	15.90000	-0.71836	-1.86654
R	nan	nan	nan	1477010450950000	nan	16.00000	-0.66676	-1.88558
L	nan	15.98126	1477010451000000	nan	16.10000	-0.61467	-1.90320
R	nan	nan	nan	1477010451050000	nan	16.20000	-0.56210	-1.91939
L	nan	16.45762	1477010451100000	nan	16.30000	-0.50911	-1.93412
R	nan	nan	nan	1477010451150000	nan	16.40000	-0.45574	-1.94738
L	nan	16.40548	1477010451200000	nan	16.50000	-0.40202	-1.95918
R	nan	nan	nan	1477010451250000	nan	16.60000	-0.34800	-1.96949
L	nan	16.80160	1477010451300000	nan	16.70000	-0.29371	-1.97832
R	nan	nan	nan	1477010451350000	nan	16.80000	-0.23920	-1.98564
L	nan	16.93378	1477010451400000	nan	16.90000	-0.18452	-1.99147
R	nan	nan	nan	1477010451450000	nan	17.00000	-0.12969	-1.99579
L	nan	16.91383	1477010451500000	nan	17.10000	-0.07476	-1.99860
R	nan	nan	nan	1477010451550000	nan	17.20000	-0.01978	-1.99990
L	nan	16.99765	1477010451600000	nan	17.30000	0.03522	-1.99969
R	nan	nan	nan	1477010451650000	nan	17.40000	0.09019	-1.99797
L	nan	17.34976	1477010451700000	nan	17.50000	0.14509	-1.99473
R	nan	nan	nan	1477010451750000	nan	17.60000	0.19989	-1.98999
L	nan	17.56562	1477010451800000	nan	17.70000	0.25453	-1.98374
R	nan	nan	nan	1477010451850000	nan	17.80000	0.30898	-1.97599
L	nan	18.36389	1477010451900000	nan	17.90000	0.36320	-1.96675
R	nan	nan	nan	1477010451950000	nan	18.00000	0.41714	-1.95602
L	nan	18.02256	1477010452000000	nan	18.10000	0.47076	-1.94381
R	nan	nan	nan	1477010452050000	nan	18.20000	0.52403	-1.93013
L	nan	18.32012	1477010452100000	nan	18.30000	0.57691	-1.91499
R	nan	nan	nan	1477010452150000	nan	18.40000	0.62934	-1.89840
L	nan	18.52772	1477010452200000	nan	18.50000	0.68131	-1.88038
R	nan	nan	nan	1477010452250000	nan	18.60000	0.73275	-1.86093
L	nan	18.87603	1477010452300000	nan	18.70000	0.78364	-1.84008
R	nan	nan	nan	1477010452350000	nan	18.80000	0.83394	-1.81784
L	nan	18.82767	1477010452400000	nan	18.90000	0.88361	-1.79422
R	nan	nan	nan	1477010452450000	nan	19.00000	0.93261	-1.76925
L	nan	19.02352	1477010452500000	nan	19.10000	0.98091	-1.74293
R	nan	nan	nan	1477010452550000	nan	19.20000	1.02846	-1.71530
L	nan	19.32320	1477010452600000	nan	19.30000	1.07524	-1.68638
R	nan	nan	nan	1477010452650000	nan	19.40000	1.12120	-1.65617
L	nan	19.68147	1477010452700000	nan	19.50000	1.16632	-1.62472
R	nan	nan	nan	1477010452750000	nan	19.60000	1.21055	-1.59203
L	nan	19.82462	1477010452800000	nan	19.70000	1.25387	-1.55815
R	nan	nan	nan	1477010452850000	nan	19.80000	1.29624	-1.52308
L	nan	20.02100	1477010452900000	nan	19.90000	1.33763	-1.48686
R	nan	nan	nan	1477010452950000	nan	20.00000	1.37800	-1.44952
L	nan	19.87513	1477010453000000	nan	20.10000	1.41734	-1.41108
R	nan	nan	nan	1477010453050000	nan	20.20000	1.45560	-1.37158
L	nan	20.18021	1477010453100000	nan	20.30000	1.49277	-1.33103
R	nan	nan	nan	1477010453150000	nan	20.40000	1.52880	-1.28948
L	nan	20.49836	1477010453200000	nan	20.50000	1.56368	-1.24696
R	nan	nan	nan	1477010453250000	nan	20.60000	1.59738	-1.20349
L	nan	20.58115	1477010453300000	nan	20.70000	1.62986	-1.15911
R	nan	nan	nan	1477010453350000	nan	20.80000	1.66112	-1.11386
L	nan	20.94771	1477010453400000	nan	20.90000	1.69112	-1.06776
R	nan	nan	nan	1477010453450000	nan	21.00000	1.71984	-1.02086
L	nan	21.41374	1477010453500000	nan	21.10000	1.74726	-0.97319
R	nan	nan	nan	1477010453550000	nan	21.20000	1.77336	-0.92477
L	nan	21.19643	1477010453600000	nan	21.30000	1.79811	-0.87566
R	nan	nan	nan	1477010453650000	nan	21.40000	1.82151	-0.82589
L	nan	21.42729	1477010453700000	nan	21.50000	1.84353	-0.77549
R	nan	nan	nan	1477010453750000	nan	21.60000	1.86416	-0.72451
L	nan	21.60345	1477010453800000	nan	21.70000	1.88338	-0.67298
R	nan	nan	nan	1477010453850000	nan	21.80000	1.90117	-0.62094
L	nan	21.98903	1477010453900000	nan	21.90000	1.91752	-0.56843
R	nan	nan	nan	1477010453950000	nan	22.00000	1.93243	-0.51549
L	nan	22.29958	1477010454000000	nan	22.10000	1.94587	-0.46216
R	nan	nan	nan	1477010454050000	nan	22.20000	1.95784	-0.40848
L	nan	22.35482	1477010454100000	nan	22.30000	1.96833	-0.35449
R	nan	nan	nan	1477010454150000	nan	22.40000	1.97734	-0.30023
L	nan	22.36981	1477010454200000	nan	22.50000	1.98484	-0.24575
R	nan	nan	nan	1477010454250000	nan	22.60000	1.99085	-0.19108
L	nan	22.77646	1477010454300000	nan	22.70000	1.99535	-0.13626
R	nan	nan	nan	1477010454350000	nan	22.80000	1.99834	-0.08135
L	nan	23.06231	1477010454400000	nan	22.90000	1.99983	-0.02637
R	nan	nan	nan	1477010454450000	nan	23.00000	1.99980	0.02863
L	nan	23.12645	1477010454500000	nan	23.10000	1.99825	0.08361
R	nan	nan	nan	1477010454550000	nan	23.20000	1.99520	0.13852
L	nan	23.24872	1477010454600000	nan	23.30000	1.99063	0.19333
R	nan	nan	nan	1477010454650000	nan	23.40000	1.98457	0.24799
L	nan	23.14706	1477010454700000	nan	23.50000	1.97700	0.30246
R	nan	nan	nan	1477010454750000	nan	23.60000	1.96793	0.35671
L	nan	23.92389	1477010454800000	nan	23.70000	1.95738	0.41069
R	nan	nan	nan	1477010454850000	nan	23.80000	1.94535	0.46435
L	nan	24.00127	1477010454900000	nan	23.90000	1.93184	0.51767
R	nan	nan	nan	1477010454950000	nan	24.00000	1.91688	0.57059
L	nan	24.22362	1477010455000000	nan	24.10000	1.90047	0.62308
R	nan	nan	nan	1477010455050000	nan	24.20000	1.88261	0.67510
L	nan	24.45374	1477010455100000	nan	24.30000	1.86334	0.72661
R	nan	nan	nan	1477010455150000	nan	24.40000	1.84266	0.77757
L	nan	24.84156	1477010455200000	nan	24.50000	1.82058	0.82795
R	nan	nan	nan	1477010455250000	nan	24.60000	1.79712	0.87769
L	nan	24.79996	1477010455300000	nan	24.70000	1.77231	0.92678
R	nan	nan	nan	1477010455350000	nan	24.80000	1.74616	0.97516
L	nan	24.89904	1477010455400000	nan	24.90000	1.71868	1.02280
R	nan	nan	nan	1477010455450000	nan	25.00000	1.68991	1.06967
L	nan	25.03530	1477010455500000	nan	25.10000	1.65986	1.11574
R	nan	nan	nan	1477010455550000	nan	25.20000	1.62855	1.16095
L	nan	25.20326	1477010455600000	nan	25.30000	1.59601	1.20530
R	nan	nan	nan	1477010455650000	nan	25.40000	1.56227	1.24872
L	nan	25.44180	1477010455700000	nan	25.50000	1.52734	1.29121
R	nan	nan	nan	1477010455750000	nan	25.60000	1.49126	1.33272
L	nan	25.32601	1477010455800000	nan	25.70000	1.45405	1.37322
R	nan	nan	nan	1477010455850000	nan	25.80000	1.41574	1.41268
L	nan	25.74328	1477010455900000	nan	25.90000	1.37637	1.45107
R	nan	nan	nan	1477010455950000	nan	26.00000	1.33595	1.48837
L	nan	25.99782	1477010456000000	nan	26.10000	1.29452	1.52454
R	nan	nan	nan	1477010456050000	nan	26.20000	1.25211	1.55956
L	nan	26.28749	1477010456100000	nan	26.30000	1.20875	1.59340
R	nan	nan	nan	1477010456150000	nan	26.40000	1.16448	1.62603
L	nan	26.79273	1477010456200000	nan	26.50000	1.11933	1.65744
R	nan	nan	nan	1477010456250000	nan	26.60000	1.07333	1.68759
L	nan	26.60712	1477010456300000	nan	26.70000	1.02652	1.71646
R	nan	nan	nan	1477010456350000	nan	26.80000	0.97894	1.74404
L	nan	27.02852	1477010456400000	nan	26.90000	0.93061	1.77030
R	nan	nan	nan	1477010456450000	nan	27.00000	0.88159	1.79522
L	nan	27.30058	1477010456500000	nan	27.10000	0.83189	1.81878
R	nan	nan	nan	1477010456550000	nan	27.20000	0.78157	1.84097
L	nan	27.51552	1477010456600000	nan	27.30000	0.73065	1.86176
R	nan	nan	nan	1477010456650000	nan	27.40000	0.67918	1.88115
L	nan	27.08965	1477010456700000	nan	27.50000	0.62720	1.89911
R	nan	nan	nan	1477010456750000	nan	27.60000	0.57474	1.91564
L	nan	27.73336	1477010456800000	nan	27.70000	0.52185	1.93072
R	nan	nan	nan	1477010456850000	nan	27.80000	0.46857	1.94434
L	nan	28.01248	1477010456900000	nan	27.90000	0.41493	1.95649
R	nan	nan	nan	1477010456950000	nan	28.00000	0.36097	1.96715
L	nan	28.19769	1477010457000000	nan	28.10000	0.30675	1.97634
R	nan	nan	nan	1477010457050000	nan	28.20000	0.25229	1.98402
L	nan	28.17665	1477010457100000	nan	28.30000	0.19764	1.99021
R	nan	nan	nan	1477010457150000	nan	28.40000	0.14284	1.99489
L	nan	28.31772	1477010457200000	nan	28.50000	0.08793	1.99807
R	nan	nan	nan	1477010457250000	nan	28.60000	0.03296	1.99973
L	nan	28.99086	1477010457300000	nan	28.70000	-0.02204	1.99988
R	nan	nan	nan	1477010457350000	nan	28.80000	-0.07702	1.99852
L	nan	28.93599	1477010457400000	nan	28.90000	-0.13194	1.99564
R	nan	nan	nan	1477010457450000	nan	29.00000	-0.18676	1.99126
L	nan	29.30398	1477010457500000	nan	29.10000	-0.24145	1.98537
R	nan	nan	nan	1477010457550000	nan	29.20000	-0.29595	1.97798
L	nan	29.29765	1477010457600000	nan	29.30000	-0.35022	1.96910
R	nan	nan	nan	1477010457650000	nan	29.40000	-0.40423	1.95872
L	nan	29.40380	1477010457700000	nan	29.50000	-0.45794	1.94687
R	nan	nan	nan	1477010457750000	nan	29.60000	-0.51130	1.93354
L	nan	29.45294	1477010457800000	nan	29.70000	-0.56427	1.91875
R	nan	nan	nan	1477010457850000	nan	29.80000	-0.61681	1.90251
L	nan	29.63669	1477010457900000	nan	29.90000	-0.66889	1.88483
R	nan	nan	nan	1477010457950000	nan	30.00000	-0.72047	1.86572
L	nan	29.94997	1477010458000000	nan	30.10000	-0.77150	1.84521
R	nan	nan	nan	1477010458050000	nan	30.20000	-0.82194	1.82330
L	nan	30.18728	1477010458100000	nan	30.30000	-0.87176	1.80001
R	nan	nan	nan	1477010458150000	nan	30.40000	-0.92093	1.77536
L	nan	30.57123	1477010458200000	nan	30.50000	-0.96940	1.74936
R	nan	nan	nan	1477010458250000	nan	30.60000	-1.01713	1.72205
L	nan	30.30831	1477010458300000	nan	30.70000	-1.06410	1.69343
R	nan	nan	nan	1477010458350000	nan	30.80000	-1.11026	1.66353
L	nan	30.74344	1477010458400000	nan	30.90000	-1.15558	1.63237
R	nan	nan	nan	1477010458450000	nan	31.00000	-1.20003	1.59998
L	nan	30.89564	1477010458500000	nan	31.10000	-1.24357	1.56638
R	nan	nan	nan	1477010458550000	nan	31.20000	-1.28617	1.53159
L	nan	31.46773	1477010458600000	nan	31.30000	-1.32779	1.49565
R	nan	nan	nan	1477010458650000	nan	31.40000	-1.36842	1.45857
L	nan	31.52514	1477010458700000	nan	31.50000	-1.40801	1.42039
R	nan	nan	nan	1477010458750000	nan	31.60000	-1.44653	1.38114
L	nan	31.70845	1477010458800000	nan	31.70000	-1.48396	1.34084
R	nan	nan	nan	1477010458850000	nan	31.80000	-1.52027	1.29953
L	nan	31.91757	1477010458900000	nan	31.90000	-1.55542	1.25724
R	nan	nan	nan	1477010458950000	nan	32.00000	-1.58941	1.21400
L	nan	31.98105	1477010459000000	nan	32.10000	-1.62219	1.16983
R	nan	nan	nan	1477010459050000	nan	32.20000	-1.65374	1.12479
L	nan	32.37220	1477010459100000	nan	32.30000	-1.68404	1.07889
R	nan	nan	nan	1477010459150000	nan	32.40000	-1.71307	1.03218
L	nan	32.27218	1477010459200000	nan	32.50000	-1.74080	0.98468
R	nan	nan	nan	1477010459250000	nan	32.60000	-1.76722	0.93644
L	nan	32.71620	1477010459300000	nan	32.70000	-1.79230	0.88750
R	nan	nan	nan	1477010459350000	nan	32.80000	-1.81603	0.83788
L	nan	33.26433	1477010459400000	nan	32.90000	-1.83838	0.78763
R	nan	nan	nan	1477010459450000	nan	33.00000	-1.85934	0.73678
L	nan	33.03569	1477010459500000	nan	33.10000	-1.87890	0.68538
R	nan	nan	nan	1477010459550000	nan	33.20000	-1.89703	0.63346
L	nan	33.24916	1477010459600000	nan	33.30000	-1.91373	0.58105
R	nan	nan	nan	1477010459650000	nan	33.40000	-1.92899	0.52821
L	nan	33.59565	1477010459700000	nan	33.50000	-1.94278	0.47497
R	nan	nan	nan	1477010459750000	nan	33.60000	-1.95511	0.42137
L	nan	33.57635	1477010459800000	nan	33.70000	-1.96595	0.36746
R	nan	nan	nan	1477010459850000	nan	33.80000	-1.97531	0.31326
L	nan	33.87612	1477010459900000	nan	33.90000	-1.98318	0.25883
R	nan	nan	nan	1477010459950000	nan	34.00000	-1.98955	0.20420
L	nan	34.02179	1477010460000000	nan	34.10000	-1.99441	0.14942
R	nan	nan	nan	1477010460050000	nan	34.20000	-1.99777	0.09452
L	nan	34.49078	1477010460100000	nan	34.30000	-1.99961	0.03955
R	nan	nan	nan	1477010460150000	nan	34.40000	-1.99994	-0.01544
L	nan	34.43482	1477010460200000	nan	34.50000	-1.99876	-0.07043
R	nan	nan	nan	1477010460250000	nan	34.60000	-1.99607	-0.12536
L	nan	34.58047	1477010460300000	nan	34.70000	-1.99187	-0.18020
R	nan	nan	nan	1477010460350000	nan	34.80000	-1.98616	-0.23490
L	nan	35.06612	1477010460400000	nan	34.90000	-1.97895	-0.28942
R	nan	nan	nan	1477010460450000	nan	35.00000	-1.97024	-0.34373
L	nan	35.10893	1477010460500000	nan	35.10000	-1.96004	-0.39777
R	nan	nan	nan	1477010460550000	nan	35.20000	-1.94837	-0.45152
L	nan	35.18882	1477010460600000	nan	35.30000	-1.93521	-0.50492
R	nan	nan	nan	1477010460650000	nan	35.40000	-1.92060	-0.55794
L	nan	35.35009	1477010460700000	nan	35.50000	-1.90453	-0.61054
R	nan	nan	nan	1477010460750000	nan	35.60000	-1.88702	-0.66268
L	nan	35.85880	1477010460800000	nan	35.70000	-1.86809	-0.71431
R	nan	nan	nan	1477010460850000	nan	35.80000	-1.84774	-0.76541
L	nan	35.72734	1477010460900000	nan	35.90000	-1.82600	-0.81593
R	nan	nan	nan	1477010460950000	nan	36.00000	-1.80287	-0.86583
L	nan	36.26202	1477010461000000	nan	36.10000	-1.77838	-0.91507
R	nan	nan	nan	1477010461050000	nan	36.20000	-1.75255	-0.96363
L	nan	36.27982	1477010461100000	nan	36.30000	-1.72539	-1.01145
R	nan	nan	nan	1477010461150000	nan	36.40000	-1.69693	-1.05851
L	nan	36.41985	1477010461200000	nan	36.50000	-1.66718	-1.10477
R	nan	nan	nan	1477010461250000	nan	36.60000	-1.63617	-1.15019
L	nan	36.61658	1477010461300000	nan	36.70000	-1.60393	-1.19475
R	nan	nan	nan	1477010461350000	nan	36.80000	-1.57047	-1.23840
L	nan	36.63855	1477010461400000	nan	36.90000	-1.53582	-1.28111
R	nan	nan	nan	1477010461450000	nan	37.00000	-1.50002	-1.32286
L	nan	36.93948	1477010461500000	nan	37.10000	-1.46308	-1.36360
R	nan	nan	nan	1477010461550000	nan	37.20000	-1.42503	-1.40332
L	nan	37.19130	1477010461600000	nan	37.30000	-1.38590	-1.44197
R	nan	nan	nan	1477010461650000	nan	37.40000	-1.34573	-1.47953
L	nan	37.56902	1477010461700000	nan	37.50000	-1.30454	-1.51597
R	nan	nan	nan	1477010461750000	nan	37.60000	-1.26236	-1.55127
L	nan	37.78983	1477010461800000	nan	37.70000	-1.21923	-1.58540
R	nan	nan	nan	1477010461850000	nan	37.80000	-1.17518	-1.61832
L	nan	37.80252	1477010461900000	nan	37.90000	-1.13023	-1.65002
R	nan	nan	nan	1477010461950000	nan	38.00000	-1.08444	-1.68048
L	nan	38.04026	1477010462000000	nan	38.10000	-1.03782	-1.70966
R	nan	nan	nan	1477010462050000	nan	38.20000	-0.99042	-1.73755
L	nan	38.31840	1477010462100000	nan	38.30000	-0.94227	-1.76412
R	nan	nan	nan	1477010462150000	nan	38.40000	-0.89340	-1.78937
L	nan	38.48009	1477010462200000	nan	38.50000	-0.84386	-1.81326
R	nan	nan	nan	1477010462250000	nan	38.60000	-0.79368	-1.83577
L	nan	38.51207	1477010462300000	nan	38.70000	-0.74291	-1.85690
R	nan	nan	nan	1477010462350000	nan	38.80000	-0.69157	-1.87663
L	nan	38.70610	1477010462400000	nan	38.90000	-0.63971	-1.89493
R	nan	nan	nan	1477010462450000	nan	39.00000	-0.58736	-1.91181
L	nan	39.17896	1477010462500000	nan	39.10000	-0.53457	-1.92724
R	nan	nan	nan	1477010462550000	nan	39.20000	-0.48138	-1.94121
L	nan	39.16630	1477010462600000	nan	39.30000	-0.42782	-1.95371
R	nan	nan	nan	1477010462650000	nan	39.40000	-0.37393	-1.96473
L	nan	39.55141	1477010462700000	nan	39.50000	-0.31977	-1.97427
R	nan	nan	nan	1477010462750000	nan	39.60000	-0.26536	-1.98232
L	nan	39.62856	1477010462800000	nan	39.70000	-0.21076	-1.98886
R	nan	nan	nan	1477010462850000	nan	39.80000	-0.15599	-1.99391
L	nan	39.98587	1477010462900000	nan	39.90000	-0.10111	-1.99744
R	nan	nan	nan	1477010462950000	nan	40.00000	-0.04614	-1.99947
L	nan	39.98567	1477010463000000	nan	40.10000	0.00885	-1.99998
R	nan	nan	nan	1477010463050000	nan	40.20000	0.06384	-1.99898
L	nan	40.17952	1477010463100000	nan	40.30000	0.11878	-1.99647
R	nan	nan	nan	1477010463150000	nan	40.40000	0.17363	-1.99245
L	nan	40.63579	1477010463200000	nan	40.50000	0.22835	-1.98692
R	nan	nan	nan	1477010463250000	nan	40.60000	0.28290	-1.97989
L	nan	40.64557	1477010463300000	nan	40.70000	0.33723	-1.97136
R	nan	nan	nan	1477010463350000	nan	40.80000	0.39131	-1.96135
L	nan	40.86829	1477010463400000	nan	40.90000	0.44509	-1.94984
R	nan	nan	nan	1477010463450000	nan	41.00000	0.49854	-1.93687
L	nan	40.98893	1477010463500000	nan	41.10000	0.55161	-1.92243
R	nan	nan	nan	1477010463550000	nan	41.20000	0.60426	-1.90653
L	nan	41.42979	1477010463600000	nan	41.30000	0.65645	-1.88920
R	nan	nan	nan	1477010463650000	nan	41.40000	0.70815	-1.87043
L	nan	41.48899	1477010463700000	nan	41.50000	0.75931	-1.85025
R	nan	nan	nan	1477010463750000	nan	41.60000	0.80990	-1.82868
L	nan	41.69859	1477010463800000	nan	41.70000	0.85988	-1.80572
R	nan	nan	nan	1477010463850000	nan	41.80000	0.90920	-1.78139
L	nan	41.78986	1477010463900000	nan	41.90000	0.95784	-1.75572
R	nan	nan	nan	1477010463950000	nan	42.00000	1.00576	-1.72871
L	nan	42.13634	1477010464000000	nan	42.10000	1.05291	-1.70041
R	nan	nan	nan	1477010464050000	nan	42.20000	1.09927	-1.67081
L	nan	42.08342	1477010464100000	nan	42.30000	1.14479	-1.63995
R	nan	nan	nan	1477010464150000	nan	42.40000	1.18945	-1.60786
L	nan	42.51152	1477010464200000	nan	42.50000	1.23321	-1.57454
R	nan	nan	nan	1477010464250000	nan	42.60000	1.27604	-1.54004
L	nan	42.86233	1477010464300000	nan	42.70000	1.31791	-1.50437
R	nan	nan	nan	1477010464350000	nan	42.80000	1.35877	-1.46756
L	nan	42.78225	1477010464400000	nan	42.90000	1.39861	-1.42965
R	nan	nan	nan	1477010464450000	nan	43.00000	1.43739	-1.39065
L	nan	43.04840	1477010464500000	nan	43.10000	1.47509	-1.35060
R	nan	nan	nan	1477010464550000	nan	43.20000	1.51167	-1.30953
L	nan	43.15459	1477010464600000	nan	43.30000	1.54710	-1.26747
R	nan	nan	nan	1477010464650000	nan	43.40000	1.58137	-1.22445
L	nan	43.72112	1477010464700000	nan	43.50000	1.61444	-1.18050
R	nan	nan	nan	1477010464750000	nan	43.60000	1.64629	-1.13567
L	nan	43.80348	1477010464800000	nan	43.70000	1.67689	-1.08997
R	nan	nan	nan	1477010464850000	nan	43.80000	1.70623	-1.04345
L	nan	44.15781	1477010464900000	nan	43.90000	1.73427	-0.99614
R	nan	nan	nan	1477010464950000	nan	44.00000	1.76101	-0.94808
L	nan	44.33086	1477010465000000	nan	44.10000	1.78641	-0.89929
R	nan	nan	nan	1477010465050000	nan	44.20000	1.81046	-0.84983
L	nan	44.22589	1477010465100000	nan	44.30000	1.83315	-0.79973
R	nan	nan	nan	1477010465150000	nan	44.40000	1.85444	-0.74902
L	nan	44.27873	1477010465200000	nan	44.50000	1.87434	-0.69775
R	nan	nan	nan	1477010465250000	nan	44.60000	1.89282	-0.64595
L	nan	44.94626	1477010465300000	nan	44.70000	1.90986	-0.59366
R	nan	nan	nan	1477010465350000	nan	44.80000	1.92546	-0.54092
L	nan	44.94731	1477010465400000	nan	44.90000	1.93961	-0.48777
R	nan	nan	nan	1477010465450000	nan	45.00000	1.95229	-0.43425
L	nan	45.15036	1477010465500000	nan	45.10000	1.96349	-0.38041
R	nan	nan	nan	1477010465550000	nan	45.20000	1.97321	-0.32628
L	nan	45.26894	1477010465600000	nan	45.30000	1.98143	-0.27190
R	nan	nan	nan	1477010465650000	nan	45.40000	1.98816	-0.21731
L	nan	45.41604	1477010465700000	nan	45.50000	1.99338	-0.16256
R	nan	nan	nan	1477010465750000	nan	45.60000	1.99710	-0.10769
L	nan	46.05370	1477010465800000	nan	45.70000	1.99930	-0.05274
R	nan	nan	nan	1477010465850000	nan	45.80000	2.00000	0.00226
L	nan	45.92165	1477010465900000	nan	45.90000	1.99918	0.05725
R	nan	nan	nan	1477010465950000	nan	46.00000	1.99685	0.11220
L	nan	46.15582	1477010466000000	nan	46.10000	1.99301	0.16706
R	nan	nan	nan	1477010466050000	nan	46.20000	1.98766	0.22180
L	nan	46.05198	1477010466100000	nan	46.30000	1.98081	0.27637
R	nan	nan	nan	1477010466150000	nan	46.40000	1.97246	0.33073
L	nan	46.36172	1477010466200000	nan	46.50000	1.96262	0.38484
R	nan	nan	nan	1477010466250000	nan	46.60000	1.95130	0.43866
L	nan	46.77313	1477010466300000	nan	46.70000	1.93850	0.49215
R	nan	nan	nan	1477010466350000	nan	46.80000	1.92424	0.54527
L	nan	46.78384	1477010466400000	nan	46.90000	1.90852	0.59797
R	nan	nan	nan	1477010466450000	nan	47.00000	1.89135	0.65022
L	nan	47.09579	1477010466500000	nan	47.10000	1.87276	0.70198
R	nan	nan	nan	1477010466550000	nan	47.20000	1.85275	0.75321
L	nan	47.11005	1477010466600000	nan	47.30000	1.83134	0.80387
R	nan	nan	nan	1477010466650000	nan	47.40000	1.80854	0.85392
L	nan	47.68608	1477010466700000	nan	47.50000	1.78438	0.90333
R	nan	nan	nan	1477010466750000	nan	47.60000	1.75886	0.95205
L	nan	47.76900	1477010466800000	nan	47.70000	1.73202	1.00005
R	nan	nan	nan	1477010466850000	nan	47.80000	1.70387	1.04730
L	nan	48.13145	1477010466900000	nan	47.90000	1.67443	1.09375
R	nan	nan	nan	1477010466950000	nan	48.00000	1.64372	1.13938
L	nan	48.00361	1477010467000000	nan	48.10000	1.61177	1.18415
R	nan	nan	nan	1477010467050000	nan	48.20000	1.57860	1.22802
L	nan	48.37083	1477010467100000	nan	48.30000	1.54424	1.27096
R	nan	nan	nan	1477010467150000	nan	48.40000	1.50870	1.31294
L	nan	48.34642	1477010467200000	nan	48.50000	1.47203	1.35393
R	nan	nan	nan	1477010467250000	nan	48.60000	1.43425	1.39389
L	nan	48.67602	1477010467300000	nan	48.70000	1.39538	1.43280
R	nan	nan	nan	1477010467350000	nan	48.80000	1.35545	1.47063
L	nan	48.84148	1477010467400000	nan	48.90000	1.31450	1.50734
R	nan	nan	nan	1477010467450000	nan	49.00000	1.27256	1.54292
L	nan	49.21828	1477010467500000	nan	49.10000	1.22965	1.57732
R	nan	nan	nan	1477010467550000	nan	49.20000	1.18582	1.61054
L	nan	48.94914	1477010467600000	nan	49.30000	1.14109	1.64254
R	nan	nan	nan	1477010467650000	nan	49.40000	1.09549	1.67329
L	nan	49.48332	1477010467700000	nan	49.50000	1.04907	1.70278
R	nan	nan	nan	1477010467750000	nan	49.60000	1.00185	1.73098
L	nan	49.70245	1477010467800000	nan	49.70000	0.95387	1.75787
R	nan	nan	nan	1477010467850000	nan	49.80000	0.90518	1.78344
L	nan	49.90807	1477010467900000	nan	49.90000	0.85580	1.80765
R	nan	nan	nan	1477010467950000	nan	50.00000	0.80577	1.83050
