L	0.32464	0.06520	1477010443000000	0.11000	0.10000	2.00000	0.00000
R	0.07686	0.44733	1.76382	1477010443050000	0.21000	0.10000	1.99924	0.05499
L	0.33173	0.09447	1477010443100000	0.30989	0.10008	1.99698	0.10994
R	0.36178	0.22576	1.65681	1477010443150000	0.40943	0.10038	1.99320	0.16481
L	0.39749	0.22698	1477010443200000	0.50842	0.10106	1.98791	0.21956
R	0.71349	0.18161	2.01518	1477010443250000	0.60661	0.10226	1.98112	0.27413
L	0.86771	0.05904	1477010443300000	0.70381	0.10414	1.97284	0.32850
R	1.18103	0.11881	2.50334	1477010443350000	0.79979	0.10684	1.96306	0.38263
L	0.85309	0.21680	1477010443400000	0.89435	0.11050	1.95179	0.43646
R	1.09292	0.13339	1.86760	1477010443450000	0.98729	0.11526	1.93906	0.48996
L	1.17646	0.28730	1477010443500000	1.07843	0.12126	1.92485	0.54309
R	1.30508	0.13316	2.21198	1477010443550000	1.16757	0.12864	1.90919	0.59582
L	0.94516	0.07901	1477010443600000	1.25456	0.13751	1.89208	0.64809
R	1.48276	0.10461	1.85115	1477010443650000	1.33923	0.14801	1.87355	0.69987
L	1.10452	-0.04622	1477010443700000	1.42144	0.16026	1.85360	0.75112
R	1.46928	0.12809	1.92753	1477010443750000	1.50104	0.17436	1.83224	0.80180
L	1.68131	0.38091	1477010443800000	1.57793	0.19043	1.80950	0.85188
R	1.50832	0.12480	2.01811	1477010443850000	1.65199	0.20858	1.78540	0.90131
L	1.68476	0.34863	1477010443900000	1.72313	0.22889	1.75994	0.95006
R	1.89798	0.13899	1.99104	1477010443950000	1.79127	0.25145	1.73315	0.99810
L	1.88975	0.35951	1477010444000000	1.85635	0.27636	1.70505	1.04537
R	2.12055	0.17831	1.71881	1477010444050000	1.91831	0.30368	1.67566	1.09186
L	2.05281	0.10813	1477010444100000	1.97712	0.33348	1.64500	1.13752
R	2.15725	0.15753	1.64070	1477010444150000	2.03277	0.36583	1.61310	1.18233
L	1.68456	0.10002	1477010444200000	2.08523	0.40078	1.57998	1.22623
R	2.26821	0.21276	1.70069	1477010444250000	2.13454	0.43837	1.54567	1.26921
L	2.03260	0.40759	1477010444300000	2.18070	0.47864	1.51019	1.31123
R	2.34287	0.23156	1.91261	1477010444350000	2.22375	0.52162	1.47356	1.35226
L	2.25145	0.66991	1477010444400000	2.26374	0.56734	1.43582	1.39227
R	2.47416	0.25303	1.77651	1477010444450000	2.30075	0.61580	1.39700	1.43122
L	2.57130	0.73820	1477010444500000	2.33483	0.66701	1.35711	1.46910
R	2.45036	0.29043	1.81771	1477010444550000	2.36607	0.72097	1.31621	1.50586
L	2.73696	0.65926	1477010444600000	2.39457	0.77766	1.27430	1.54148
R	2.55905	0.34098	1.82287	1477010444650000	2.42044	0.83706	1.23144	1.57593
L	2.59319	0.90450	1477010444700000	2.44378	0.89915	1.18764	1.60920
R	2.57047	0.38152	1.73597	1477010444750000	2.46472	0.96389	1.14294	1.64125
L	2.61037	1.00260	1477010444800000	2.48338	1.03123	1.09738	1.67205
R	2.52867	0.38490	1.47874	1477010444850000	2.49990	1.10112	1.05099	1.70159
L	2.63543	1.01776	1477010444900000	2.51441	1.17351	1.00380	1.72985
R	2.89724	0.44139	1.63237	1477010444950000	2.52705	1.24832	0.95586	1.75680
L	2.34176	1.48006	1477010445000000	2.53797	1.32548	0.90719	1.78241
R	3.01193	0.48866	1.71772	1477010445050000	2.54730	1.40490	0.85784	1.80669
L	2.46872	1.42385	1477010445100000	2.55520	1.48650	0.80784	1.82959
R	2.85921	0.53690	1.76504	1477010445150000	2.56178	1.57019	0.75722	1.85111
L	2.29322	1.54455	1477010445200000	2.56721	1.65585	0.70604	1.87123
R	3.08554	0.57779	1.74842	1477010445250000	2.57161	1.74339	0.65432	1.88994
L	2.68064	1.73017	1477010445300000	2.57511	1.83269	0.60211	1.90722
R	3.16481	0.63916	1.83322	1477010445350000	2.57784	1.92363	0.54944	1.92305
L	2.58084	1.80343	1477010445400000	2.57992	2.01608	0.49635	1.93743
R	3.39391	0.69589	1.39344	1477010445450000	2.58144	2.10992	0.44289	1.95035
L	2.55980	2.14372	1477010445500000	2.58253	2.20502	0.38910	1.96179
R	3.51677	0.73287	1.74754	1477010445550000	2.58327	2.30123	0.33501	1.97174
L	2.20734	2.36389	1477010445600000	2.58374	2.39842	0.28066	1.98021
R	3.51837	0.74637	1.54620	1477010445650000	2.58401	2.49646	0.22611	1.98718
L	2.73736	2.78506	1477010445700000	2.58416	2.59518	0.17138	1.99264
R	3.73920	0.81996	1.42012	1477010445750000	2.58422	2.69444	0.11653	1.99660
L	2.37715	2.77523	1477010445800000	2.58424	2.79410	0.06158	1.99905
R	4.11733	0.82273	1.27103	1477010445850000	2.58424	2.89401	0.00659	1.99999
L	2.70083	3.25599	1477010445900000	2.58424	2.99401	-0.04840	1.99941
R	3.86329	0.86734	1.40561	1477010445950000	2.58424	3.09395	-0.10336	1.99733
L	2.33966	3.05402	1477010446000000	2.58423	3.19368	-0.15824	1.99373
R	4.06180	0.92298	1.36449	1477010446050000	2.58418	3.29306	-0.21300	1.98863
L	2.80528	3.19342	1477010446100000	2.58406	3.39192	-0.26760	1.98202
R	4.52005	0.90256	1.29494	1477010446150000	2.58382	3.49013	-0.32200	1.97391
L	2.40687	3.68873	1477010446200000	2.58340	3.58754	-0.37615	1.96431
R	4.41099	0.94795	1.43270	1477010446250000	2.58273	3.68400	-0.43002	1.95322
L	2.56811	3.75359	1477010446300000	2.58174	3.77938	-0.48357	1.94066
R	4.60424	0.96136	1.33707	1477010446350000	2.58033	3.87353	-0.53675	1.92663
L	2.64706	4.12501	1477010446400000	2.57839	3.96633	-0.58952	1.91114
R	4.82329	1.00446	0.98453	1477010446450000	2.57583	4.05764	-0.64185	1.89421
L	2.38915	4.49673	1477010446500000	2.57253	4.14734	-0.69369	1.87585
R	5.05333	1.04645	1.13798	1477010446550000	2.56836	4.23531	-0.74500	1.85606
L	2.52753	4.24270	1477010446600000	2.56319	4.32144	-0.79576	1.83488
R	5.12822	1.02919	1.26346	1477010446650000	2.55689	4.40561	-0.84591	1.81230
L	2.45174	4.48454	1477010446700000	2.54932	4.48772	-0.89542	1.78836
R	5.16912	1.06484	1.19367	1477010446750000	2.54035	4.56767	-0.94426	1.76306
L	2.37606	4.66592	1477010446800000	2.52982	4.64538	-0.99238	1.73643
R	5.35537	1.06705	1.08035	1477010446850000	2.51761	4.72076	-1.03975	1.70849
L	2.35690	4.85434	1477010446900000	2.50356	4.79374	-1.08633	1.67925
R	5.44119	1.09510	1.05411	1477010446950000	2.48753	4.86423	-1.13210	1.64874
L	2.47420	4.83856	1477010447000000	2.46940	4.93219	-1.17700	1.61699
R	5.57762	1.10406	0.84087	1477010447050000	2.44901	4.99756	-1.22102	1.58402
L	2.33101	4.94936	1477010447100000	2.42626	5.06029	-1.26411	1.54985
R	5.77377	1.12834	0.63757	1477010447150000	2.40101	5.12034	-1.30625	1.51450
L	2.47913	5.17618	1477010447200000	2.37315	5.17768	-1.34740	1.47801
R	5.55509	1.15800	0.84571	1477010447250000	2.34257	5.23229	-1.38753	1.44040
L	2.14143	5.11175	1477010447300000	2.30918	5.28416	-1.42661	1.40171
R	5.86629	1.17840	0.68382	1477010447350000	2.27289	5.33328	-1.46461	1.36195
L	2.34565	5.28541	1477010447400000	2.23361	5.37965	-1.50151	1.32116
R	5.76087	1.18551	0.41660	1477010447450000	2.19130	5.42329	-1.53727	1.27938
L	2.40701	5.53450	1477010447500000	2.14589	5.46421	-1.57187	1.23662
R	6.06639	1.20396	0.38036	1477010447550000	2.09734	5.50244	-1.60527	1.19293
L	1.95855	5.70913	1477010447600000	2.04563	5.53802	-1.63747	1.14834
R	5.70565	1.24092	0.60400	1477010447650000	1.99075	5.57099	-1.66843	1.10289
L	1.95355	5.35823	1477010447700000	1.93270	5.60139	-1.69812	1.05659
R	5.95992	1.24776	0.42391	1477010447750000	1.87149	5.62930	-1.72653	1.00950
L	1.84386	5.64193	1477010447800000	1.80716	5.65478	-1.75364	0.96165
R	5.92870	1.28158	0.10747	1477010447850000	1.73975	5.67790	-1.77941	0.91306
L	1.45197	5.48760	1477010447900000	1.66932	5.69874	-1.80385	0.86379
R	6.08146	1.32168	0.25644	1477010447950000	1.59595	5.71740	-1.82692	0.81386
L	1.60646	5.87297	1477010448000000	1.51973	5.73396	-1.84860	0.76332
R	5.86741	1.31595	0.26441	1477010448050000	1.44076	5.74852	-1.86889	0.71220
L	1.29160	5.90143	1477010448100000	1.35917	5.76120	-1.88777	0.66055
R	6.12030	1.36797	-0.04613	1477010448150000	1.27508	5.77211	-1.90522	0.60839
L	1.19888	5.81185	1477010448200000	1.18863	5.78136	-1.92123	0.55577
R	5.69775	1.39708	0.09438	1477010448250000	1.09999	5.78909	-1.93578	0.50273
L	1.05094	6.01819	1477010448300000	1.00931	5.79540	-1.94888	0.44932
R	5.85717	1.43180	0.20459	1477010448350000	0.91679	5.80045	-1.96049	0.39556
L	0.74366	5.98904	1477010448400000	0.82260	5.80436	-1.97063	0.34150
R	5.73656	1.42384	-0.11775	1477010448450000	0.72694	5.80728	-1.97927	0.28719
L	0.77700	5.71583	1477010448500000	0.63001	5.80934	-1.98642	0.23266
R	5.79907	1.50458	0.12042	1477010448550000	0.53204	5.81069	-1.99207	0.17795
L	0.21473	5.71409	1477010448600000	0.43322	5.81149	-1.99621	0.12311
R	5.50396	1.52736	0.06976	1477010448650000	0.33379	5.81186	-1.99884	0.06817
L	0.14754	5.99926	1477010448700000	0.23396	5.81198	-1.99996	0.01319
R	5.82314	1.56998	0.08110	1477010448750000	0.13397	5.81199	-1.99956	-0.04181
L	-0.05681	5.86489	1477010448800000	0.03404	5.81203	-1.99766	-0.09678
R	5.79365	1.57987	0.17485	1477010448850000	-0.06561	5.81226	-1.99424	-0.15167
L	-0.19472	5.88104	1477010448900000	-0.16475	5.81284	-1.98932	-0.20645
R	5.82901	1.63308	0.10792	1477010448950000	-0.26316	5.81390	-1.98289	-0.26107
L	0.05888	5.85361	1477010449000000	-0.36061	5.81561	-1.97496	-0.31549
R	5.78833	1.65570	-0.30780	1477010449050000	-0.45690	5.81810	-1.96554	-0.36968
L	-0.36047	5.81324	1477010449100000	-0.55182	5.82151	-1.95463	-0.42358
R	5.89400	1.66537	0.00162	1477010449150000	-0.64517	5.82600	-1.94224	-0.47717
L	-0.76542	5.83062	1477010449200000	-0.73675	5.83169	-1.92839	-0.53039
R	5.75696	1.73252	-0.45903	1477010449250000	-0.82639	5.83872	-1.91308	-0.58322
L	-0.91230	5.70155	1477010449300000	-0.91391	5.84723	-1.89632	-0.63560
R	5.87327	1.74890	-0.28041	1477010449350000	-0.99915	5.85733	-1.87812	-0.68750
L	-0.96184	5.93975	1477010449400000	-1.08196	5.86914	-1.85851	-0.73888
R	6.24151	1.76922	-0.50464	1477010449450000	-1.16220	5.88279	-1.83749	-0.78971
L	-1.28243	5.89874	1477010449500000	-1.23975	5.89838	-1.81508	-0.83993
R	6.04708	1.79840	-0.48367	1477010449550000	-1.31450	5.91602	-1.79130	-0.88952
L	-1.31150	6.07511	1477010449600000	-1.38635	5.93580	-1.76616	-0.93844
R	5.99323	1.80976	-0.70343	1477010449650000	-1.45522	5.95782	-1.73969	-0.98665
L	-1.47891	5.75477	1477010449700000	-1.52103	5.98215	-1.71190	-1.03411
R	6.37591	1.82546	-0.37941	1477010449750000	-1.58374	6.00889	-1.68282	-1.08079
L	-1.46170	5.97536	1477010449800000	-1.64331	6.03809	-1.65247	-1.12665
R	6.30438	1.83044	-0.64923	1477010449850000	-1.69972	6.06983	-1.62086	-1.17167
L	-2.15987	6.36215	1477010449900000	-1.75294	6.10415	-1.58803	-1.21579
R	6.58455	1.83409	-0.96227	1477010449950000	-1.80300	6.14110	-1.55400	-1.25900
L	-1.85145	6.18156	1477010450000000	-1.84991	6.18073	-1.51880	-1.30125
R	6.44473	1.87413	-0.94653	1477010450050000	-1.89371	6.22306	-1.48244	-1.34252
L	-2.16633	6.08824	1477010450100000	-1.93443	6.26812	-1.44497	-1.38277
R	6.51138	1.87027	-0.94533	1477010450150000	-1.97214	6.31592	-1.40640	-1.42198
L	-1.92703	6.39787	1477010450200000	-2.00692	6.36647	-1.36677	-1.46012
R	6.97874	1.88782	-1.05207	1477010450250000	-2.03883	6.41977	-1.32610	-1.49715
L	-2.13899	6.74848	1477010450300000	-2.06798	6.47580	-1.28444	-1.53304
R	7.04645	1.87031	-1.21373	1477010450350000	-2.09447	6.53456	-1.24180	-1.56778
L	-1.98394	6.58481	1477010450400000	-2.11841	6.59601	-1.19822	-1.60133
R	7.16549	1.84995	-1.05991	1477010450450000	-2.13991	6.66011	-1.15374	-1.63367
L	-2.36539	6.73638	1477010450500000	-2.15911	6.72684	-1.10838	-1.66478
R	7.03460	1.89733	-1.45607	1477010450550000	-2.17613	6.79612	-1.06218	-1.69463
L	-2.09791	6.83142	1477010450600000	-2.19111	6.86792	-1.01519	-1.72319
R	7.50306	1.87702	-1.73112	1477010450650000	-2.20419	6.94215	-0.96742	-1.75046
L	-2.04160	6.97015	1477010450700000	-2.21550	7.01876	-0.91892	-1.77640
R	7.46939	1.86706	-1.56540	1477010450750000	-2.22520	7.09765	-0.86973	-1.80099
L	-2.22062	7.26720	1477010450800000	-2.23343	7.17873	-0.81988	-1.82422
R	7.65271	1.85812	-1.30032	1477010450850000	-2.24032	7.26193	-0.76941	-1.84608
L	-2.39716	7.20047	1477010450900000	-2.24601	7.34713	-0.71836	-1.86654
R	7.91899	1.88041	-1.58039	1477010450950000	-2.25064	7.43423	-0.66676	-1.88558
L	-2.35512	7.59254	1477010451000000	-2.25435	7.52311	-0.61467	-1.90320
R	7.94975	1.85848	-1.85733	1477010451050000	-2.25725	7.61367	-0.56210	-1.91939
L	-2.16193	7.79850	1477010451100000	-2.25947	7.70577	-0.50911	-1.93412
R	8.06752	1.82096	-1.44948	1477010451150000	-2.26112	7.79929	-0.45574	-1.94738
L	-2.40719	8.00302	1477010451200000	-2.26230	7.89410	-0.40202	-1.95918
R	8.47817	1.85837	-1.79639	1477010451250000	-2.26312	7.99006	-0.34800	-1.96949
L	-2.52037	8.02049	1477010451300000	-2.26364	8.08703	-0.29371	-1.97832
R	8.75449	1.82095	-1.78781	1477010451350000	-2.26396	8.18487	-0.23920	-1.98564
L	-2.07219	8.49824	1477010451400000	-2.26413	8.28344	-0.18452	-1.99147
R	8.37146	1.83235	-1.94523	1477010451450000	-2.26421	8.38259	-0.12969	-1.99579
L	-2.31280	8.43442	1477010451500000	-2.26424	8.48217	-0.07476	-1.99860
R	8.84329	1.77438	-2.04245	1477010451550000	-2.26424	8.58203	-0.01978	-1.99990
L	-1.95890	8.64406	1477010451600000	-2.26424	8.68202	0.03522	-1.99969
R	9.43276	1.83928	-1.96130	1477010451650000	-2.26424	8.78199	0.09019	-1.99797
L	-2.24205	9.02095	1477010451700000	-2.26423	8.88179	0.14509	-1.99473
R	9.29134	1.82937	-2.13632	1477010451750000	-2.26419	8.98126	0.19989	-1.98999
L	-2.31740	9.01385	1477010451800000	-2.26409	9.08026	0.25453	-1.98374
R	9.42144	1.82565	-1.99220	1477010451850000	-2.26389	9.17864	0.30898	-1.97599
L	-2.22775	9.13604	1477010451900000	-2.26352	9.27625	0.36320	-1.96675
R	9.63156	1.83121	-1.89745	1477010451950000	-2.26292	9.37296	0.41714	-1.95602
L	-2.40565	9.54558	1477010452000000	-2.26201	9.46861	0.47076	-1.94381
R	9.79736	1.80138	-2.01018	1477010452050000	-2.26071	9.56307	0.52403	-1.93013
L	-2.24598	9.83084	1477010452100000	-2.25891	9.65620	0.57691	-1.91499
R	10.08772	1.80283	-1.80670	1477010452150000	-2.25651	9.74788	0.62934	-1.89840
L	-2.23631	10.11740	1477010452200000	-2.25339	9.83798	0.68131	-1.88038
R	10.11264	1.79854	-2.00878	1477010452250000	-2.24944	9.92637	0.73275	-1.86093
L	-2.57760	9.82717	1477010452300000	-2.24452	10.01295	0.78364	-1.84008
R	10.24045	1.77758	-1.94841	1477010452350000	-2.23851	10.09760	0.83394	-1.81784
L	-2.36929	10.16944	1477010452400000	-2.23126	10.18021	0.88361	-1.79422
R	10.44684	1.78120	-2.04484	1477010452450000	-2.22263	10.26069	0.93261	-1.76925
L	-1.95052	10.16743	1477010452500000	-2.21250	10.33895	0.98091	-1.74293
R	10.87141	1.77342	-1.80281	1477010452550000	-2.20070	10.41489	1.02846	-1.71530
L	-2.16540	10.57556	1477010452600000	-2.18710	10.48845	1.07524	-1.68638
R	10.65693	1.78220	-1.79119	1477010452650000	-2.17156	10.55955	1.12120	-1.65617
L	-2.48654	10.85544	1477010452700000	-2.15394	10.62812	1.16632	-1.62472
R	11.20667	1.76855	-1.97820	1477010452750000	-2.13411	10.69411	1.21055	-1.59203
L	-2.15094	10.91413	1477010452800000	-2.11194	10.75748	1.25387	-1.55815
R	11.04739	1.76899	-1.86686	1477010452850000	-2.08729	10.81817	1.29624	-1.52308
L	-1.85007	10.91701	1477010452900000	-2.06007	10.87617	1.33763	-1.48686
R	11.05594	1.77197	-1.74524	1477010452950000	-2.03015	10.93144	1.37800	-1.44952
L	-1.89228	10.96368	1477010453000000	-1.99744	10.98396	1.41734	-1.41108
R	11.36676	1.74249	-1.40028	1477010453050000	-1.96185	11.03374	1.45560	-1.37158
L	-1.71817	11.00844	1477010453100000	-1.92330	11.08077	1.49277	-1.33103
R	11.29261	1.75640	-1.37253	1477010453150000	-1.88172	11.12506	1.52880	-1.28948
L	-1.80368	11.06245	1477010453200000	-1.83706	11.16663	1.56368	-1.24696
R	11.39370	1.72810	-1.24754	1477010453250000	-1.78927	11.20551	1.59738	-1.20349
L	-1.85726	11.12574	1477010453300000	-1.73832	11.24172	1.62986	-1.15911
R	11.65047	1.73007	-1.31617	1477010453350000	-1.68420	11.27530	1.66112	-1.11386
L	-1.81089	11.59105	1477010453400000	-1.62690	11.30632	1.69112	-1.06776
R	11.33792	1.71227	-1.32086	1477010453450000	-1.56645	11.33482	1.71984	-1.02086
L	-1.51307	11.15009	1477010453500000	-1.50286	11.36088	1.74726	-0.97319
R	11.41057	1.69314	-1.22626	1477010453550000	-1.43618	11.38456	1.77336	-0.92477
L	-1.40937	11.49833	1477010453600000	-1.36647	11.40594	1.79811	-0.87566
R	11.34774	1.67768	-1.08767	1477010453650000	-1.29380	11.42511	1.82151	-0.82589
L	-1.17520	11.56508	1477010453700000	-1.21826	11.44216	1.84353	-0.77549
R	11.10888	1.68733	-1.10588	1477010453750000	-1.13994	11.45719	1.86416	-0.72451
L	-1.01346	11.28272	1477010453800000	-1.05896	11.47032	1.88338	-0.67298
R	11.52526	1.68394	-0.76090	1477010453850000	-0.97546	11.48164	1.90117	-0.62094
L	-0.96843	11.53067	1477010453900000	-0.88956	11.49128	1.91752	-0.56843
R	11.50918	1.59904	-0.50243	1477010453950000	-0.80143	11.49935	1.93243	-0.51549
L	-0.78928	11.65162	1477010454000000	-0.71123	11.50600	1.94587	-0.46216
R	11.78240	1.62105	-0.70531	1477010454050000	-0.61913	11.51134	1.95784	-0.40848
L	-0.53962	11.43247	1477010454100000	-0.52532	11.51551	1.96833	-0.35449
R	11.53741	1.62053	-0.06456	1477010454150000	-0.42999	11.51865	1.97734	-0.30023
L	-0.30558	11.54233	1477010454200000	-0.33335	11.52090	1.98484	-0.24575
R	11.41894	1.58356	-0.06972	1477010454250000	-0.23561	11.52241	1.99085	-0.19108
L	-0.15945	11.51391	1477010454300000	-0.13698	11.52333	1.99535	-0.13626
R	11.98656	1.57815	0.02691	1477010454350000	-0.03767	11.52379	1.99834	-0.08135
L	0.05306	11.51029	1477010454400000	0.06208	11.52396	1.99983	-0.02637
R	11.67691	1.54519	-0.06209	1477010454450000	0.16205	11.52397	1.99980	0.02863
L	0.48787	11.55263	1477010454500000	0.26202	11.52399	1.99825	0.08361
R	11.44140	1.55994	0.20604	1477010454550000	0.36176	11.52417	1.99520	0.13852
L	0.65505	11.51523	1477010454600000	0.46104	11.52465	1.99063	0.19333
R	11.56666	1.52123	0.11490	1477010454650000	0.55964	11.52558	1.98457	0.24799
L	0.27064	11.68836	1477010454700000	0.65735	11.52712	1.97700	0.30246
R	11.81459	1.50759	0.36150	1477010454750000	0.75394	11.52941	1.96793	0.35671
L	0.82085	11.38522	1477010454800000	0.84920	11.53259	1.95738	0.41069
R	11.30186	1.48353	0.51832	1477010454850000	0.94294	11.53680	1.94535	0.46435
L	0.97027	11.55294	1477010454900000	1.03497	11.54220	1.93184	0.51767
R	11.60645	1.47945	0.90100	1477010454950000	1.12509	11.54889	1.91688	0.57059
L	1.24575	11.74068	1477010455000000	1.21313	11.55703	1.90047	0.62308
R	11.70849	1.43657	0.50891	1477010455050000	1.29893	11.56674	1.88261	0.67510
L	1.40443	11.63283	1477010455100000	1.38234	11.57813	1.86334	0.72661
R	11.68111	1.45607	0.93786	1477010455150000	1.46321	11.59133	1.84266	0.77757
L	1.62269	11.23249	1477010455200000	1.54141	11.60645	1.82058	0.82795
R	11.92679	1.41899	1.07183	1477010455250000	1.61684	11.62359	1.79712	0.87769
L	1.77723	11.47856	1477010455300000	1.68939	11.64284	1.77231	0.92678
R	11.78836	1.43305	1.52051	1477010455350000	1.75898	11.66432	1.74616	0.97516
L	1.79438	11.63889	1477010455400000	1.82553	11.68809	1.71868	1.02280
R	11.93307	1.43528	0.91834	1477010455450000	1.88899	11.71424	1.68991	1.06967
L	1.78084	11.69888	1477010455500000	1.94932	11.74285	1.65986	1.11574
R	11.79745	1.40870	1.52705	1477010455550000	2.00648	11.77397	1.62855	1.16095
L	2.17657	11.84836	1477010455600000	2.06047	11.80767	1.59601	1.20530
R	12.08742	1.39809	1.67266	1477010455650000	2.11129	11.84398	1.56227	1.24872
L	2.12731	11.92136	1477010455700000	2.15895	11.88297	1.52734	1.29121
R	12.08613	1.38776	1.41516	1477010455750000	2.20349	11.92465	1.49126	1.33272
L	2.36701	11.70660	1477010455800000	2.24495	11.96905	1.45405	1.37322
R	12.17715	1.37084	1.67883	1477010455850000	2.28337	12.01619	1.41574	1.41268
L	2.23193	11.98684	1477010455900000	2.31884	12.06609	1.37637	1.45107
R	12.40081	1.38088	1.61725	1477010455950000	2.35144	12.11873	1.33595	1.48837
L	2.41010	12.27657	1477010456000000	2.38124	12.17411	1.29452	1.52454
R	12.71023	1.36982	1.85543	1477010456050000	2.40836	12.23221	1.25211	1.55956
L	2.64407	12.22086	1477010456100000	2.43289	12.29302	1.20875	1.59340
R	12.46667	1.36452	1.91193	1477010456150000	2.45497	12.35649	1.16448	1.62603
L	2.49673	12.42787	1477010456200000	2.47471	12.42259	1.11933	1.65744
R	12.58113	1.34671	1.87244	1477010456250000	2.49224	12.49127	1.07333	1.68759
L	2.96305	12.65052	1477010456300000	2.50770	12.56247	1.02652	1.71646
R	12.89206	1.36584	2.02852	1477010456350000	2.52122	12.63612	0.97894	1.74404
L	2.43698	12.37047	1477010456400000	2.53294	12.71217	0.93061	1.77030
R	13.14583	1.35605	1.97165	1477010456450000	2.54302	12.79052	0.88159	1.79522
L	2.98761	13.05709	1477010456500000	2.55158	12.87109	0.83189	1.81878
R	13.30389	1.35561	1.92198	1477010456550000	2.55878	12.95378	0.78157	1.84097
L	2.57714	13.29491	1477010456600000	2.56475	13.03851	0.73065	1.86176
R	13.46150	1.39442	1.87883	1477010456650000	2.56962	13.12517	0.67918	1.88115
L	2.55618	13.42603	1477010456700000	2.57354	13.21364	0.62720	1.89911
R	13.22981	1.38746	1.90088	1477010456750000	2.57662	13.30380	0.57474	1.91564
L	2.77950	13.55666	1477010456800000	2.57900	13.39554	0.52185	1.93072
R	13.57438	1.36409	2.16604	1477010456850000	2.58077	13.48873	0.46857	1.94434
L	2.30399	13.67552	1477010456900000	2.58206	13.58325	0.41493	1.95649
R	13.77626	1.37328	1.85752	1477010456950000	2.58295	13.67894	0.36097	1.96715
L	2.42127	13.86426	1477010457000000	2.58354	13.77568	0.30675	1.97634
R	13.84330	1.41516	1.78516	1477010457050000	2.58390	13.87333	0.25229	1.98402
L	2.74331	13.83886	1477010457100000	2.58410	13.97174	0.19764	1.99021
R	14.47919	1.40229	2.12368	1477010457150000	2.58420	14.07076	0.14284	1.99489
L	2.69875	14.15571	1477010457200000	2.58423	14.17025	0.08793	1.99807
R	14.41907	1.40789	1.85955	1477010457250000	2.58424	14.27006	0.03296	1.99973
L	2.58173	14.34185	1477010457300000	2.58424	14.37003	-0.02204	1.99988
R	14.49433	1.40075	1.98999	1477010457350000	2.58424	14.47002	-0.07702	1.99852
L	2.75571	14.79710	1477010457400000	2.58424	14.56987	-0.13194	1.99564
R	14.90781	1.42296	1.67130	1477010457450000	2.58421	14.66944	-0.18676	1.99126
L	2.61365	14.88544	1477010457500000	2.58413	14.76857	-0.24145	1.98537
R	15.09313	1.38633	2.02786	1477010457550000	2.58395	14.86711	-0.29595	1.97798
L	2.85426	14.81959	1477010457600000	2.58363	14.96492	-0.35022	1.96910
R	15.22620	1.39398	1.94276	1477010457650000	2.58309	15.06185	-0.40423	1.95872
L	2.55575	15.25493	1477010457700000	2.58226	15.15777	-0.45794	1.94687
R	15.50207	1.39464	1.93241	1477010457750000	2.58106	15.25252	-0.51130	1.93354
L	2.46648	15.51568	1477010457800000	2.57939	15.34599	-0.56427	1.91875
R	15.49199	1.41529	1.92929	1477010457850000	2.57715	15.43803	-0.61681	1.90251
L	2.68001	15.69145	1477010457900000	2.57421	15.52852	-0.66889	1.88483
R	16.12236	1.40029	1.54258	1477010457950000	2.57047	15.61733	-0.72047	1.86572
L	2.57382	15.47852	1477010458000000	2.56580	15.70435	-0.77150	1.84521
R	16.02064	1.40742	1.52178	1477010458050000	2.56006	15.78947	-0.82194	1.82330
L	2.40979	15.82475	1477010458100000	2.55312	15.87258	-0.87176	1.80001
R	15.96977	1.40992	1.48498	1477010458150000	2.54484	15.95359	-0.92093	1.77536
L	2.73527	16.02398	1477010458200000	2.53507	16.03238	-0.96940	1.74936
R	16.13811	1.40588	1.80703	1477010458250000	2.52368	16.10889	-1.01713	1.72205
L	3.03104	16.14955	1477010458300000	2.51053	16.18303	-1.06410	1.69343
R	16.46441	1.39911	1.51518	1477010458350000	2.49547	16.25472	-1.11026	1.66353
L	2.34541	16.35012	1477010458400000	2.47836	16.32390	-1.15558	1.63237
R	16.66236	1.43640	1.40053	1477010458450000	2.45907	16.39052	-1.20003	1.59998
L	2.65077	16.25071	1477010458500000	2.43747	16.45452	-1.24357	1.56638
R	16.66455	1.42187	1.20031	1477010458550000	2.41343	16.51585	-1.28617	1.53159
L	2.72472	16.53003	1477010458600000	2.38684	16.57450	-1.32779	1.49565
R	16.98304	1.42894	1.58828	1477010458650000	2.35758	16.63042	-1.36842	1.45857
L	2.26369	16.64967	1477010458700000	2.32555	16.68361	-1.40801	1.42039
R	17.02257	1.42214	1.49610	1477010458750000	2.29065	16.73405	-1.44653	1.38114
L	2.28791	16.73688	1477010458800000	2.25282	16.78173	-1.48396	1.34084
R	16.81744	1.44940	1.03078	1477010458850000	2.21197	16.82668	-1.52027	1.29953
L	2.17334	16.96117	1477010458900000	2.16805	16.86890	-1.55542	1.25724
R	16.99982	1.43248	1.11787	1477010458950000	2.12101	16.90842	-1.58941	1.21400
L	2.20244	16.96916	1477010459000000	2.07082	16.94526	-1.62219	1.16983
R	17.06213	1.45264	0.70723	1477010459050000	2.01746	16.97947	-1.65374	1.12479
L	1.91645	17.08679	1477010459100000	1.96093	17.01110	-1.68404	1.07889
R	17.21647	1.45521	0.74878	1477010459150000	1.90123	17.04020	-1.71307	1.03218
L	1.85039	17.18402	1477010459200000	1.83839	17.06684	-1.74080	0.98468
R	17.08861	1.47334	0.53930	1477010459250000	1.77245	17.09108	-1.76722	0.93644
L	1.74051	17.14187	1477010459300000	1.70346	17.11300	-1.79230	0.88750
R	17.04461	1.48164	0.45798	1477010459350000	1.63149	17.13269	-1.81603	0.83788
L	1.37788	16.93379	1477010459400000	1.55662	17.15024	-1.83838	0.78763
R	17.11752	1.47538	0.51610	1477010459450000	1.47896	17.16575	-1.85934	0.73678
L	1.35089	17.33667	1477010459500000	1.39861	17.17932	-1.87890	0.68538
R	17.38429	1.50074	0.37143	1477010459550000	1.31570	17.19107	-1.89703	0.63346
L	1.04156	17.35666	1477010459600000	1.23036	17.20110	-1.91373	0.58105
R	17.24212	1.53414	0.25145	1477010459650000	1.14275	17.20954	-1.92899	0.52821
L	1.02549	17.45406	1477010459700000	1.05303	17.21652	-1.94278	0.47497
R	17.10412	1.47701	0.13880	1477010459750000	0.96137	17.22216	-1.95511	0.42137
L	0.77701	17.39112	1477010459800000	0.86795	17.22659	-1.96595	0.36746
R	17.23498	1.54818	0.35428	1477010459850000	0.77297	17.22997	-1.97531	0.31326
L	0.51722	17.33868	1477010459900000	0.67663	17.23242	-1.98318	0.25883
R	17.15207	1.54994	0.08578	1477010459950000	0.57913	17.23410	-1.98955	0.20420
L	0.57693	17.30724	1477010460000000	0.48069	17.23514	-1.99441	0.14942
R	17.13903	1.53960	-0.09032	1477010460050000	0.38153	17.23570	-1.99777	0.09452
L	0.28848	17.51022	1477010460100000	0.28186	17.23592	-1.99961	0.03955
R	17.09149	1.54232	-0.24836	1477010460150000	0.18192	17.23596	-1.99994	-0.01544
L	0.42899	17.42613	1477010460200000	0.08193	17.23597	-1.99876	-0.07043
R	17.10448	1.58180	-0.10125	1477010460250000	-0.01788	17.23609	-1.99607	-0.12536
L	-0.31476	17.15774	1477010460300000	-0.11729	17.23648	-1.99187	-0.18020
R	17.45271	1.56792	-0.10905	1477010460350000	-0.21608	17.23730	-1.98616	-0.23490
L	-0.43879	17.37586	1477010460400000	-0.31402	17.23868	-1.97895	-0.28942
R	17.28474	1.59923	-0.46288	1477010460450000	-0.41089	17.24077	-1.97024	-0.34373
L	-0.55402	17.04278	1477010460500000	-0.50650	17.24372	-1.96004	-0.39777
R	17.37534	1.61468	-0.32110	1477010460550000	-0.60062	17.24768	-1.94837	-0.45152
L	-0.61026	17.39712	1477010460600000	-0.69307	17.25278	-1.93521	-0.50492
R	17.48383	1.63577	-0.26638	1477010460650000	-0.78367	17.25915	-1.92060	-0.55794
L	-0.99929	17.40155	1477010460700000	-0.87222	17.26693	-1.90453	-0.61054
R	17.13141	1.62022	-0.63105	1477010460750000	-0.95858	17.27625	-1.88702	-0.66268
L	-1.06073	17.21311	1477010460800000	-1.04257	17.28723	-1.86809	-0.71431
R	17.27433	1.64255	-0.63350	1477010460850000	-1.12406	17.29999	-1.84774	-0.76541
L	-1.25428	17.43505	1477010460900000	-1.20291	17.31463	-1.82600	-0.81593
R	17.56567	1.65200	-1.05526	1477010460950000	-1.27902	17.33127	-1.80287	-0.86583
L	-1.34871	17.35889	1477010461000000	-1.35227	17.35002	-1.77838	-0.91507
R	17.38452	1.65572	-0.93026	1477010461050000	-1.42257	17.37095	-1.75255	-0.96363
L	-1.31971	17.20774	1477010461100000	-1.48986	17.39416	-1.72539	-1.01145
R	17.31958	1.67438	-0.83364	1477010461150000	-1.55406	17.41974	-1.69693	-1.05851
L	-1.66709	17.33512	1477010461200000	-1.61514	17.44775	-1.66718	-1.10477
R	17.58222	1.66796	-1.03407	1477010461250000	-1.67307	17.47826	-1.63617	-1.15019
L	-1.87801	17.61738	1477010461300000	-1.72782	17.51134	-1.60393	-1.19475
R	17.70489	1.68806	-0.98605	1477010461350000	-1.77940	17.54702	-1.57047	-1.23840
L	-1.81455	17.65253	1477010461400000	-1.82781	17.58536	-1.53582	-1.28111
R	17.63194	1.65956	-0.94179	1477010461450000	-1.87310	17.62640	-1.50002	-1.32286
L	-1.67039	17.49035	1477010461500000	-1.91529	17.67014	-1.46308	-1.36360
R	17.78403	1.68988	-1.21382	1477010461550000	-1.95443	17.71663	-1.42503	-1.40332
L	-1.93636	17.63368	1477010461600000	-1.99061	17.76586	-1.38590	-1.44197
R	18.00717	1.69518	-1.18550	1477010461650000	-2.02388	17.81784	-1.34573	-1.47953
L	-2.08428	17.80383	1477010461700000	-2.05434	17.87257	-1.30454	-1.51597
R	18.29002	1.68663	-1.50083	1477010461750000	-2.08210	17.93002	-1.26236	-1.55127
L	-1.74401	18.04458	1477010461800000	-2.10724	17.99018	-1.21923	-1.58540
R	18.29991	1.68626	-1.54868	1477010461850000	-2.12990	18.05302	-1.17518	-1.61832
L	-2.43982	18.04861	1477010461900000	-2.15018	18.11850	-1.13023	-1.65002
R	18.49434	1.67980	-1.56485	1477010461950000	-2.16823	18.18656	-1.08444	-1.68048
L	-2.12022	18.46577	1477010462000000	-2.18417	18.25716	-1.03782	-1.70966
R	18.45786	1.69842	-1.54051	1477010462050000	-2.19814	18.33023	-0.99042	-1.73755
L	-2.10351	18.26730	1477010462100000	-2.21029	18.40571	-0.94227	-1.76412
R	18.61225	1.69191	-1.63822	1477010462150000	-2.22075	18.48351	-0.89340	-1.78937
L	-2.34635	18.65305	1477010462200000	-2.22966	18.56356	-0.84386	-1.81326
R	18.76046	1.67587	-1.68070	1477010462250000	-2.23717	18.64576	-0.79368	-1.83577
L	-2.04416	18.80971	1477010462300000	-2.24342	18.73001	-0.74291	-1.85690
R	18.86952	1.67693	-1.85092	1477010462350000	-2.24855	18.81621	-0.69157	-1.87663
L	-1.97831	18.99917	1477010462400000	-2.25268	18.90425	-0.63971	-1.89493
R	19.63055	1.69500	-1.83447	1477010462450000	-2.25595	18.99402	-0.58736	-1.91181
L	-2.24774	19.22705	1477010462500000	-2.25849	19.08540	-0.53457	-1.92724
R	19.32523	1.67695	-1.85451	1477010462550000	-2.26039	19.17825	-0.48138	-1.94121
L	-2.58078	19.29289	1477010462600000	-2.26179	19.27246	-0.42782	-1.95371
R	19.46831	1.69104	-1.66806	1477010462650000	-2.26277	19.36789	-0.37393	-1.96473
L	-2.34910	19.49805	1477010462700000	-2.26342	19.46439	-0.31977	-1.97427
R	19.81012	1.69088	-1.71885	1477010462750000	-2.26383	19.56183	-0.26536	-1.98232
L	-2.20835	19.63631	1477010462800000	-2.26406	19.66007	-0.21076	-1.98886
R	19.78755	1.69840	-1.92768	1477010462850000	-2.26418	19.75896	-0.15599	-1.99391
L	-2.33071	19.78605	1477010462900000	-2.26423	19.85835	-0.10111	-1.99744
R	20.61526	1.70079	-1.84603	1477010462950000	-2.26424	19.95810	-0.04614	-1.99947
L	-2.25893	20.07707	1477010463000000	-2.26424	20.05805	0.00885	-1.99998
R	20.10577	1.66152	-1.76752	1477010463050000	-2.26424	20.15804	0.06384	-1.99898
L	-2.04737	20.31485	1477010463100000	-2.26424	20.25794	0.11878	-1.99647
R	20.48237	1.70103	-1.80627	1477010463150000	-2.26422	20.35759	0.17363	-1.99245
L	-2.17776	20.38691	1477010463200000	-2.26415	20.45684	0.22835	-1.98692
R	20.52760	1.67919	-1.92129	1477010463250000	-2.26400	20.55553	0.28290	-1.97989
L	-2.33432	20.52968	1477010463300000	-2.26372	20.65353	0.33723	-1.97136
R	20.93053	1.66143	-1.97450	1477010463350000	-2.26324	20.75069	0.39131	-1.96135
L	-2.04108	20.85582	1477010463400000	-2.26249	20.84686	0.44509	-1.94984
R	21.00110	1.69231	-1.95874	1477010463450000	-2.26139	20.94191	0.49854	-1.93687
L	-2.29511	20.84926	1477010463500000	-2.25984	21.03569	0.55161	-1.92243
R	21.32933	1.69688	-1.88627	1477010463550000	-2.25774	21.12809	0.60426	-1.90653
L	-2.39358	21.03233	1477010463600000	-2.25499	21.21896	0.65645	-1.88920
R	21.71480	1.68240	-1.91355	1477010463650000	-2.25145	21.30819	0.70815	-1.87043
L	-2.31319	21.42830	1477010463700000	-2.24701	21.39565	0.75931	-1.85025
R	21.46474	1.67754	-2.15847	1477010463750000	-2.24154	21.48123	0.80990	-1.82868
L	-2.34259	21.72379	1477010463800000	-2.23490	21.56484	0.85988	-1.80572
R	21.55688	1.65034	-1.83648	1477010463850000	-2.22695	21.64635	0.90920	-1.78139
L	-2.29588	21.55887	1477010463900000	-2.21756	21.72568	0.95784	-1.75572
R	21.90812	1.65681	-1.95236	1477010463950000	-2.20657	21.80275	1.00576	-1.72871
L	-2.08282	21.92041	1477010464000000	-2.19385	21.87746	1.05291	-1.70041
R	21.93531	1.65885	-1.64499	1477010464050000	-2.17926	21.94974	1.09927	-1.67081
L	-2.15820	22.11696	1477010464100000	-2.16266	22.01953	1.14479	-1.63995
R	22.36750	1.65425	-1.76162	1477010464150000	-2.14390	22.08677	1.18945	-1.60786
L	-2.12624	22.34017	1477010464200000	-2.12287	22.15140	1.23321	-1.57454
R	22.25821	1.64560	-1.86642	1477010464250000	-2.09942	22.21338	1.27604	-1.54004
L	-2.36494	22.34299	1477010464300000	-2.07345	22.27267	1.31791	-1.50437
R	22.35698	1.68317	-1.62947	1477010464350000	-2.04484	22.32925	1.35877	-1.46756
L	-1.87365	22.23184	1477010464400000	-2.01348	22.38309	1.39861	-1.42965
R	22.67498	1.68930	-1.54991	1477010464450000	-1.97928	22.43419	1.43739	-1.39065
L	-2.09974	22.41308	1477010464500000	-1.94216	22.48254	1.47509	-1.35060
R	22.65608	1.63541	-1.46836	1477010464550000	-1.90204	22.52814	1.51167	-1.30953
L	-2.02122	22.35729	1477010464600000	-1.85886	22.57101	1.54710	-1.26747
R	22.89526	1.64329	-1.36250	1477010464650000	-1.81257	22.61118	1.58137	-1.22445
L	-1.96232	22.58541	1477010464700000	-1.76314	22.64866	1.61444	-1.18050
R	22.63896	1.66002	-0.97111	1477010464750000	-1.71054	22.68350	1.64629	-1.13567
L	-1.70052	22.54541	1477010464800000	-1.65477	22.71574	1.67689	-1.08997
R	22.95030	1.63241	-1.26011	1477010464850000	-1.59583	22.74544	1.70623	-1.04345
L	-1.46189	23.15850	1477010464900000	-1.53374	22.77266	1.73427	-0.99614
R	22.64176	1.64290	-0.76344	1477010464950000	-1.46854	22.79747	1.76101	-0.94808
L	-1.21648	23.05987	1477010465000000	-1.40027	22.81994	1.78641	-0.89929
R	22.83706	1.62176	-1.18273	1477010465050000	-1.32901	22.84016	1.81046	-0.84983
L	-1.29550	22.98806	1477010465100000	-1.25483	22.85821	1.83315	-0.79973
R	22.68536	1.61124	-0.74875	1477010465150000	-1.17783	22.87420	1.85444	-0.74902
L	-1.14628	22.66965	1477010465200000	-1.09811	22.88823	1.87434	-0.69775
R	23.06564	1.60088	-0.88401	1477010465250000	-1.01580	22.90040	1.89282	-0.64595
L	-0.90828	23.20625	1477010465300000	-0.93103	22.91083	1.90986	-0.59366
R	23.24190	1.58549	-0.23239	1477010465350000	-0.84395	22.91964	1.92546	-0.54092
L	-0.75899	22.90391	1477010465400000	-0.75472	22.92696	1.93961	-0.48777
R	22.83320	1.60877	-0.65582	1477010465450000	-0.66351	22.93290	1.95229	-0.43425
L	-0.37019	22.88876	1477010465500000	-0.57050	22.93762	1.96349	-0.38041
R	22.99226	1.58319	-0.32246	1477010465550000	-0.47588	22.94124	1.97321	-0.32628
L	-0.31756	23.21743	1477010465600000	-0.37984	22.94390	1.98143	-0.27190
R	22.81679	1.59312	-0.49284	1477010465650000	-0.28260	22.94575	1.98816	-0.21731
L	-0.25741	22.93908	1477010465700000	-0.18437	22.94693	1.99338	-0.16256
R	23.00011	1.58400	-0.31937	1477010465750000	-0.08535	22.94759	1.99710	-0.10769
L	-0.14548	23.12802	1477010465800000	0.01421	22.94788	1.99930	-0.05274
R	23.05781	1.58523	-0.05404	1477010465850000	0.11411	22.94795	2.00000	0.00226
L	-0.05027	23.08474	1477010465900000	0.21411	22.94795	1.99918	0.05725
R	22.95201	1.55070	0.23892	1477010465950000	0.31398	22.94803	1.99685	0.11220
L	0.12113	22.74079	1477010466000000	0.41351	22.94834	1.99301	0.16706
R	22.96289	1.55215	0.56885	1477010466050000	0.51247	22.94904	1.98766	0.22180
L	0.65545	23.01561	1477010466100000	0.61063	22.95027	1.98081	0.27637
R	22.93550	1.54938	0.70841	1477010466150000	0.70778	22.95218	1.97246	0.33073
L	0.94062	22.75299	1477010466200000	0.80370	22.95492	1.96262	0.38484
R	23.05462	1.55034	0.67483	1477010466250000	0.89820	22.95862	1.95130	0.43866
L	0.93673	22.97820	1477010466300000	0.99107	22.96343	1.93850	0.49215
R	22.98146	1.54547	0.74689	1477010466350000	1.08213	22.96948	1.92424	0.54527
L	0.85900	23.27492	1477010466400000	1.17119	22.97692	1.90852	0.59797
R	23.23487	1.54945	0.84213	1477010466450000	1.25808	22.98586	1.89135	0.65022
L	1.21474	23.00113	1477010466500000	1.34266	22.99643	1.87276	0.70198
R	23.12313	1.50414	0.96806	1477010466550000	1.42476	23.00875	1.85275	0.75321
L	1.58939	22.96116	1477010466600000	1.50426	23.02293	1.83134	0.80387
R	22.78437	1.51316	0.99456	1477010466650000	1.58103	23.03908	1.80854	0.85392
L	1.59029	22.86869	1477010466700000	1.65497	23.05731	1.78438	0.90333
R	23.03815	1.48171	0.92965	1477010466750000	1.72599	23.07771	1.75886	0.95205
L	1.59710	23.06601	1477010466800000	1.79401	23.10037	1.73202	1.00005
R	23.09983	1.49752	0.82648	1477010466850000	1.85896	23.12538	1.70387	1.04730
L	1.85003	23.24965	1477010466900000	1.92079	23.15280	1.67443	1.09375
R	23.59557	1.49868	1.31563	1477010466950000	1.97947	23.18270	1.64372	1.13938
L	2.09941	23.07861	1477010467000000	2.03498	23.21516	1.61177	1.18415
R	23.31646	1.48237	1.48511	1477010467050000	2.08732	23.25021	1.57860	1.22802
L	2.04837	23.10053	1477010467100000	2.13649	23.28792	1.54424	1.27096
R	23.35494	1.46055	1.22670	1477010467150000	2.18252	23.32830	1.50870	1.31294
L	2.12136	23.74461	1477010467200000	2.22545	23.37139	1.47203	1.35393
R	23.42569	1.48355	1.35692	1477010467250000	2.26532	23.41722	1.43425	1.39389
L	2.41736	23.77879	1477010467300000	2.30220	23.46579	1.39538	1.43280
R	23.67113	1.45483	1.66304	1477010467350000	2.33616	23.51712	1.35545	1.47063
L	2.51934	23.42229	1477010467400000	2.36729	23.57119	1.31450	1.50734
R	23.54573	1.47172	1.64001	1477010467450000	2.39568	23.62799	1.27256	1.54292
L	2.33584	23.71334	1477010467500000	2.42144	23.68750	1.22965	1.57732
R	23.95510	1.47375	1.41896	1477010467550000	2.44469	23.74970	1.18582	1.61054
L	2.54458	23.84749	1477010467600000	2.46553	23.81455	1.14109	1.64254
R	23.87058	1.48423	1.81462	1477010467650000	2.48410	23.88200	1.09549	1.67329
L	2.57947	24.12875	1477010467700000	2.50053	23.95199	1.04907	1.70278
R	24.10228	1.46063	2.05530	1477010467750000	2.51497	24.02448	1.00185	1.73098
L	2.71603	24.03945	1477010467800000	2.52754	24.09939	0.95387	1.75787
R	24.38885	1.47106	1.77494	1477010467850000	2.53838	24.17664	0.90518	1.78344
L	2.67273	24.05377	1477010467900000	2.54766	24.25616	0.85580	1.80765
R	24.35242	1.47112	2.14553	1477010467950000	2.55549	24.33785	0.80577	1.83050
